COD0OPSRAP_20241840000_01D_01H_GIM.INX
     1.0            IONOSPHERE MAPS     GNSS                IONEX VERSION / TYPE
ADDNEQ2 V5.5        AIUB                03-JUL-24 08:11     PGM / RUN BY / DATE 
CODE'S RAPID IONOSPHERE MAPS FOR DAY 184, 2024              COMMENT             
Global ionosphere maps (GIM) are generated on a daily basis DESCRIPTION         
at CODE using data from about 120 GNSS sites of the IGS and DESCRIPTION         
other institutions. The vertical total electron content     DESCRIPTION         
(VTEC) is modeled in a solar-geomagnetic reference frame    DESCRIPTION         
using a spherical harmonics expansion up to degree and      DESCRIPTION         
order 15. Piece-wise linear functions are used for          DESCRIPTION         
representation in the time domain. The time spacing of      DESCRIPTION         
their vertices is 1 hour, conforming with the epochs of the DESCRIPTION         
VTEC maps.                                                  DESCRIPTION         
To convert line-of-sight TEC into vertical TEC, a modified  DESCRIPTION         
single-layer model mapping function approximating the JPL   DESCRIPTION         
extended slab model mapping function is adopted. The        DESCRIPTION         
mapping function is evaluated at geodetic satellite         DESCRIPTION         
elevation angles. For the computation of the ionospheric    DESCRIPTION         
pierce points, a spherical layer with a radius of 6821 km   DESCRIPTION         
is assumed, implying geocentric, not geodetic IONEX         DESCRIPTION         
latitudes.                                                  DESCRIPTION         
Instrumental biases with respect to each involved GNSS code DESCRIPTION         
observable are estimated as constant values for each        DESCRIPTION         
day. They are modeled with one set of bias parameters for   DESCRIPTION         
each satellite and each station in case of GPS and for each DESCRIPTION         
satellite-station link in case of GLONASS. The code bias    DESCRIPTION         
datum is defined by zero-mean conditions imposed on the     DESCRIPTION         
satellite bias estimates. In this file, just GPS C1W-C2W    DESCRIPTION         
satellite and station bias values are included. The         DESCRIPTION         
complete set of GNSS code bias results is provided in an    DESCRIPTION         
additional Bias-SINEX file as pseudo-absolute values        DESCRIPTION         
specific to each observable.                                DESCRIPTION         
Note: These GIM results correspond to the results for the   DESCRIPTION         
last day of a 3-day combination analysis solving for 73     DESCRIPTION         
times 256, or 18688 VTEC parameters and 3 daily sets of     DESCRIPTION         
GNSS code bias parameters.                                  DESCRIPTION         
Contact address: code(at)aiub.unibe.ch                      DESCRIPTION         
Data archive:    ftp.aiub.unibe.ch/CODE/                    DESCRIPTION         
                 www.aiub.unibe.ch/download/CODE/           DESCRIPTION         
  2024     7     2     0     0     0                        EPOCH OF FIRST MAP  
  2024     7     3     0     0     0                        EPOCH OF LAST MAP   
  3600                                                      INTERVAL            
[...]
    87.5 -87.5  -2.5                                        LAT1 / LAT2 / DLAT  
  -180.0 180.0   5.0                                        LON1 / LON2 / DLON  
    -1                                                      EXPONENT            
TEC/RMS values in 0.1 TECU; 9999, if no value available     COMMENT             
Peak TEC values for the included maps:                      COMMENT             
 789  804  805  805  824  789  803  825  821  783  729  697 COMMENT             
 717  715  706  720  726  735  734  734  738  750  763  770 COMMENT             
 773                                                        COMMENT             
List of stations:                                           COMMENT             
adis albh algo alic amu2 areq ascg aspa auck bake bogo bor1 COMMENT             
braz brft brst brux cas1 ccj2 cedu chti chur cord cpvg cro1 COMMENT             
darw dav1 dgar dubo faa1 fair flin flrs frdn func ganp glps COMMENT             
glsv gode gope gras graz guam hert hnpt hob2 hofn hrao iisc COMMENT             
ineg invk iqal joz2 jplm kerg kir0 kit3 kokv kour lpal lpgs COMMENT             
mac1 mal2 mas1 mat1 mate maw1 mcm4 mizu mkea mobs mtka nano COMMENT             
nklg nnor ntus nya1 onsa park pdel pert pimo pots qaq1 rabt COMMENT             
reun reyk rio2 sant sch2 scub sofi sthl stjo str2 suth sydn COMMENT             
syog tabv tash thti thu2 tid1 tn22 tow2 ulab unb3 unbj unsa COMMENT             
urum usud vald whit wind wtzz xmis yarr yel2 ykro zim2 zimm COMMENT             
                                                            END OF HEADER       
[from data line 9009]
    22                                                      START OF TEC MAP    
  2024     7     2    21     0     0                        EPOCH OF CURRENT MAP
    87.5-180.0 180.0   5.0 450.0                            LAT/LON1/LON2/DLON/H
  262  263  263  264  264  265  265  266  267  267  268  268  268  268  269  268
  268  268  268  267  266  266  265  264  263  261  260  259  258  257  256  254
  253  253  252  251  250  250  249  249  249  249  249  249  250  250  251  251
  252  252  253  254  254  255  256  256  257  257  258  258  259  259  259  260
  260  260  260  261  261  261  261  262  262
    85.0-180.0 180.0   5.0 450.0                            LAT/LON1/LON2/DLON/H
  250  251  252  254  255  257  259  261  263  265  267  269  270  271  272  273
  273  273  272  271  269  268  266  263  261  258  255  252  249  246  243  241
  238  236  234  233  232  231  230  230  230  230  231  232  233  234  235  237
  239  240  242  244  245  247  248  249  250  251  252  252  252  252  252  252
  251  251  251  250  250  250  250  250  250
    82.5-180.0 180.0   5.0 450.0                            LAT/LON1/LON2/DLON/H
  231  231  233  235  238  241  245  249  253  257  261  265  268  271  273  275
  276  275  275  273  271  268  265  261  257  252  248  243  238  234  230  226
  222  219  216  214  212  211  210  210  210  211  212  214  215  217  220  222
  225  227  230  233  235  237  239  241  242  244  244  244  244  244  243  241
  240  238  237  235  233  232  231  231  231
    80.0-180.0 180.0   5.0 450.0                            LAT/LON1/LON2/DLON/H
  210  210  212  214  218  223  229  235  241  248  254  260  265  269  272  275
  276  276  275  273  270  267  262  258  252  247  241  235  229  224  219  214
  210  207  204  201  199  198  197  197  197  198  199  200  202  204  207  209
  212  215  218  221  224  227  230  232  233  235  236  236  236  235  234  232
  229  227  223  220  217  215  212  211  210
    77.5-180.0 180.0   5.0 450.0                            LAT/LON1/LON2/DLON/H
  196  195  196  199  203  209  216  224  232  241  249  256  262  267  270  272
  273  273  272  270  267  263  259  254  248  242  236  230  225  219  214  210
  206  203  200  198  197  195  195  194  194  194  194  195  196  197  199  201
  203  206  208  211  214  217  219  222  224  226  228  229  229  229  228  226
  224  221  217  213  209  205  201  198  196
    75.0-180.0 180.0   5.0 450.0                            LAT/LON1/LON2/DLON/H
  194  192  191  193  197  203  211  220  229  238  247  254  260  264  267  268
  269  268  267  265  262  258  254  250  245  240  234  229  224  220  216  213
  210  208  207  205  204  203  202  201  200  200  199  198  197  197  197  198
  198  200  201  203  205  208  211  213  216  219  222  224  226  227  228  228
  227  224  221  217  213  208  202  198  194
    72.5-180.0 180.0   5.0 450.0                            LAT/LON1/LON2/DLON/H
  206  202  199  199  202  207  215  223  232  241  249  255  260  262  264  264
  263  261  260  258  256  253  250  247  243  239  235  231  228  225  223  221
  221  220  220  220  219  219  217  216  214  212  209  207  205  202  201  199
  198  197  198  198  200  202  204  207  211  215  219  223  227  231  234  236
  238  238  236  234  229  224  218  212  206
    70.0-180.0 180.0   5.0 450.0                            LAT/LON1/LON2/DLON/H
  229  223  217  215  215  219  225  233  241  248  255  259  261  262  261  259
  257  255  253  252  251  249  248  246  243  240  238  235  233  232  232  232
  233  235  236  236  237  236  234  232  229  226  222  218  214  210  207  203
  201  199  197  197  198  200  202  206  210  215  221  227  234  240  246  251
  255  258  259  258  256  251  245  237  229
    67.5-180.0 180.0   5.0 450.0                            LAT/LON1/LON2/DLON/H
  258  249  241  236  234  235  239  244  251  257  261  264  264  262  259  256
  252  250  249  248  248  248  247  246  244  242  240  239  239  239  240  242
  245  247  249  251  251  250  249  246  242  238  233  228  224  219  214  209
  205  202  200  199  199  201  204  208  214  220  228  236  244  253  261  268
  275  280  284  285  285  282  276  268  258
    65.0-180.0 180.0   5.0 450.0                            LAT/LON1/LON2/DLON/H
  287  276  265  257  252  250  252  255  260  264  267  268  267  264  259  255
  251  249  248  248  249  249  249  248  246  244  243  242  243  244  247  250
  253  256  258  260  260  259  257  254  250  245  240  235  230  225  220  215
  210  206  204  203  203  205  209  214  221  229  238  247  257  267  276  285
  292  299  305  309  310  309  304  297  287
    62.5-180.0 180.0   5.0 450.0                            LAT/LON1/LON2/DLON/H
  309  297  286  275  268  264  263  264  267  269  271  271  269  266  262  258
  254  252  251  252  253  253  253  251  248  246  244  244  245  248  251  254
  257  260  262  263  263  262  260  256  252  247  243  238  234  229  224  218
  214  210  207  206  207  210  215  221  229  238  249  260  271  281  290  298
  305  311  317  323  326  328  325  319  309
    60.0-180.0 180.0   5.0 450.0                            LAT/LON1/LON2/DLON/H
  324  313  301  290  281  275  272  271  271  272  273  273  272  270  267  264
  261  259  258  259  259  259  257  254  251  247  245  245  247  250  253  257
  260  262  263  264  263  262  259  255  251  247  243  239  235  231  226  221
  216  211  209  208  210  213  219  226  235  246  258  270  282  292  300  306
  311  316  321  327  332  336  336  332  324
    57.5-180.0 180.0   5.0 450.0                            LAT/LON1/LON2/DLON/H
  333  325  314  304  295  288  283  280  277  276  275  276  277  277  276  273
  271  268  267  267  267  266  262  258  253  248  246  247  249  253  257  260
  262  263  264  264  264  262  259  256  252  248  244  240  236  232  227  221
  216  211  208  207  209  212  219  227  237  250  263  277  290  300  307  310
  313  315  319  324  331  337  340  339  333
    55.0-180.0 180.0   5.0 450.0                            LAT/LON1/LON2/DLON/H
  341  335  328  321  314  307  300  294  288  284  282  282  284  286  286  285
  282  279  276  275  274  272  267  261  255  250  248  249  253  257  261  264
  266  267  267  267  267  266  263  260  255  251  247  243  239  234  228  221
  215  209  205  204  204  208  214  223  234  248  263  279  293  304  311  314
  314  314  316  321  328  335  341  343  341
    52.5-180.0 180.0   5.0 450.0                            LAT/LON1/LON2/DLON/H
  350  349  346  343  339  333  325  316  307  299  294  294  296  299  300  297
  293  288  284  282  280  278  273  266  260  254  252  254  258  263  268  271
  273  274  274  275  276  275  272  269  264  259  253  248  242  236  229  222
  214  208  202  199  198  200  206  214  226  241  258  277  294  307  316  319
  319  318  319  323  330  338  345  349  350
    50.0-180.0 180.0   5.0 450.0                            LAT/LON1/LON2/DLON/H
  365  368  370  371  371  367  359  348  334  322  314  311  312  314  314  310
  303  296  291  288  286  284  280  274  267  262  260  261  265  270  275  278
  281  283  285  287  289  289  286  282  276  269  262  255  248  240  232  223
  215  207  201  196  193  193  197  204  216  231  251  271  292  309  321  328
  330  331  333  337  343  350  357  362  365
    47.5-180.0 180.0   5.0 450.0                            LAT/LON1/LON2/DLON/H
  385  391  397  403  407  406  399  385  369  352  340  333  332  332  330  323
  314  304  297  294  294  294  291  286  280  274  271  270  273  277  282  286
  291  295  299  303  306  306  303  297  289  281  272  263  254  245  236  227
  219  211  203  196  191  189  191  197  207  223  243  266  290  312  329  342
  349  354  358  363  368  372  377  381  385
    45.0-180.0 180.0   5.0 450.0                            LAT/LON1/LON2/DLON/H
  408  415  424  434  442  444  438  425  406  386  369  359  354  351  346  337
  325  312  305  303  305  307  307  304  298  292  286  282  281  283  288  294
  301  308  315  321  325  324  320  312  302  292  282  272  261  251  242  234
  227  219  211  203  196  191  191  194  203  218  238  262  289  315  339  359
  374  385  392  398  401  403  403  404  408
    42.5-180.0 180.0   5.0 450.0                            LAT/LON1/LON2/DLON/H
  429  436  447  460  470  475  472  460  442  420  400  386  377  371  364  353
  338  325  317  316  321  326  329  328  323  315  305  297  292  290  294  302
  312  323  334  342  345  343  336  326  314  303  292  281  270  260  251  245
  239  233  225  216  208  201  198  199  206  218  237  261  289  320  350  377
  399  417  429  436  438  435  431  428  429
    40.0-180.0 180.0   5.0 450.0                            LAT/LON1/LON2/DLON/H
  446  452  463  477  489  496  496  488  472  451  429  412  401  393  384  371
  356  342  335  335  342  350  356  356  352  342  329  315  304  300  302  312
  326  342  355  364  367  362  352  339  325  313  302  292  281  272  264  259
  255  250  243  234  225  217  212  211  215  225  241  263  292  324  359  392
  421  444  461  469  470  463  455  448  446
    37.5-180.0 180.0   5.0 450.0                            LAT/LON1/LON2/DLON/H
  458  462  472  485  497  506  510  506  495  477  457  438  425  416  407  395
  380  367  359  360  368  377  384  387  383  372  356  337  321  313  315  327
  345  363  379  388  389  382  369  353  338  325  315  306  296  287  281  276
  273  269  262  254  244  236  229  226  227  234  248  268  295  328  364  401
  434  462  482  492  491  483  471  461  458
    35.0-180.0 180.0   5.0 450.0                            LAT/LON1/LON2/DLON/H
  465  468  477  488  499  508  515  518  513  501  483  466  452  443  436  425
  412  398  390  389  396  405  413  417  414  403  384  362  343  333  335  348
  368  388  404  413  412  402  386  368  351  339  331  323  314  306  299  294
  290  285  278  270  261  252  245  240  239  243  254  272  297  329  365  402
  437  467  488  499  499  491  479  469  465
    32.5-180.0 180.0   5.0 450.0                            LAT/LON1/LON2/DLON/H
  470  475  483  492  501  510  519  527  529  524  511  495  483  476  470  462
  450  435  424  421  424  431  438  443  441  431  413  390  370  359  361  374
  394  414  428  435  431  419  401  382  366  355  347  341  333  325  317  310
  303  295  287  278  270  262  255  248  245  248  256  273  296  326  360  396
  429  458  480  492  495  489  480  472  470
    30.0-180.0 180.0   5.0 450.0                            LAT/LON1/LON2/DLON/H
  477  484  493  501  508  516  526  539  548  549  541  529  519  514  511  505
  493  477  462  453  451  455  460  464  464  455  439  418  399  389  391  403
  419  435  445  447  441  428  410  392  377  368  362  356  349  340  330  319
  308  296  285  276  269  262  254  247  243  244  253  268  290  318  350  382
  413  440  461  475  481  480  477  474  477
    27.5-180.0 180.0   5.0 450.0                            LAT/LON1/LON2/DLON/H
  486  497  508  517  523  530  541  556  570  577  575  567  560  558  558  553
  540  520  500  485  478  477  479  481  481  474  461  445  429  421  422  429
  438  446  448  445  435  422  406  391  379  372  368  363  357  347  334  319
  303  286  272  262  255  250  243  235  231  232  241  257  279  305  334  364
  391  415  436  452  463  469  473  477  486
    25.0-180.0 180.0   5.0 450.0                            LAT/LON1/LON2/DLON/H
  496  512  527  539  546  553  563  578  595  607  610  607  603  604  606  602
  588  565  539  518  505  499  497  496  494  488  479  467  456  450  448  448
  446  442  434  422  409  396  383  373  366  363  360  357  351  341  327  309
  287  266  249  238  233  228  222  215  211  213  223  241  263  288  315  342
  367  390  411  430  445  458  469  481  496
    22.5-180.0 180.0   5.0 450.0                            LAT/LON1/LON2/DLON/H
  504  525  545  562  573  580  589  603  620  635  643  644  644  648  652  649
  635  608  579  553  536  524  517  511  505  499  491  484  478  472  466  456
  441  422  401  380  362  348  340  336  336  336  336  334  329  320  307  287
  263  239  220  209  204  201  196  190  186  190  202  220  242  267  293  319
  344  367  390  411  432  450  467  484  504
    20.0-180.0 180.0   5.0 450.0                            LAT/LON1/LON2/DLON/H
  506  531  557  580  596  606  613  623  638  655  667  673  678  684  691  691
  676  650  619  591  571  556  543  530  518  507  500  495  492  487  474  453
  423  390  356  324  300  284  279  282  289  294  296  296  293  287  276  258
  234  209  190  179  176  174  171  165  163  168  180  198  218  242  268  295
  322  348  374  399  423  444  464  484  506
    17.5-180.0 180.0   5.0 450.0                            LAT/LON1/LON2/DLON/H
  500  527  558  588  610  623  628  634  647  665  680  691  700  710  720  722
  710  687  658  632  611  593  575  554  534  517  507  503  502  494  475  442
  399  352  307  265  233  214  211  220  232  243  248  250  250  247  240  227
  206  183  165  155  153  153  150  146  145  151  162  177  194  215  241  270
  302  333  364  392  417  439  458  478  500
    15.0-180.0 180.0   5.0 450.0                            LAT/LON1/LON2/DLON/H
  487  514  548  584  613  629  633  635  645  662  681  695  708  721  734  741
  735  717  694  672  653  633  610  582  554  530  515  510  507  497  471  429
  376  321  267  218  177  153  149  161  179  193  201  205  207  209  207  198
  183  164  148  140  139  139  138  136  135  140  148  158  171  188  214  246
  283  321  357  388  414  434  451  467  487
    12.5-180.0 180.0   5.0 450.0                            LAT/LON1/LON2/DLON/H
  471  497  532  573  607  626  628  627  634  651  671  688  703  718  735  747
  749  739  724  708  692  671  644  610  575  545  526  517  512  499  467  419
  363  306  250  195  147  116  109  121  141  158  168  173  176  180  182  179
  168  155  143  136  135  135  135  133  133  136  140  144  150  163  187  222
  265  310  351  385  411  429  442  455  471
    10.0-180.0 180.0   5.0 450.0                            LAT/LON1/LON2/DLON/H
  461  484  519  561  599  619  621  617  621  636  657  674  689  706  725  742
  750  749  743  733  720  700  671  635  596  562  538  526  518  501  467  419
  365  312  260  205  152  113  100  109  130  147  157  161  164  168  171  170
  164  155  146  140  138  138  138  137  137  136  135  132  132  141  163  200
  248  299  345  382  408  425  437  447  461
     7.5-180.0 180.0   5.0 450.0                            LAT/LON1/LON2/DLON/H
  463  483  516  558  596  616  618  612  614  628  646  662  674  688  707  727
  741  747  747  743  733  713  685  651  613  578  552  536  525  506  471  426
  381  339  297  247  192  147  126  131  148  164  172  174  174  174  174  173
  168  161  154  148  145  144  143  142  140  136  130  122  118  123  143  181
  232  287  338  378  406  425  439  450  463
     5.0-180.0 180.0   5.0 450.0                            LAT/LON1/LON2/DLON/H
  480  500  530  569  605  625  626  620  620  631  646  656  662  672  688  708
  724  733  737  735  727  709  685  655  622  590  563  545  530  509  477  439
  405  379  351  310  258  210  182  180  192  204  209  207  202  195  189  182
  175  168  161  154  149  147  145  143  139  132  123  112  106  109  129  166
  218  275  329  372  405  429  449  465  480
     2.5-180.0 180.0   5.0 450.0                            LAT/LON1/LON2/DLON/H
  513  533  560  595  628  647  648  642  642  650  659  661  660  662  673  688
  701  710  714  712  704  689  670  648  623  596  569  548  530  508  479  448
  428  418  407  379  333  285  253  245  250  257  257  250  239  224  208  193
  181  171  163  155  148  143  140  136  130  121  110  100   96  101  121  157
  207  264  319  366  405  438  468  493  513
