COD0OPSRAP_20242180000_01D_01H_GIM.INX
     1.0            IONOSPHERE MAPS     GNSS                IONEX VERSION / TYPE
ADDNEQ2 V5.5        AIUB                06-AUG-24 08:11     PGM / RUN BY / DATE 
CODE'S RAPID IONOSPHERE MAPS FOR DAY 218, 2024              COMMENT             
Global ionosphere maps (GIM) are generated on a daily basis DESCRIPTION         
at CODE using data from about 120 GNSS sites of the IGS and DESCRIPTION         
other institutions. The vertical total electron content     DESCRIPTION         
(VTEC) is modeled in a solar-geomagnetic reference frame    DESCRIPTION         
using a spherical harmonics expansion up to degree and      DESCRIPTION         
order 15. Piece-wise linear functions are used for          DESCRIPTION         
representation in the time domain. The time spacing of      DESCRIPTION         
their vertices is 1 hour, conforming with the epochs of the DESCRIPTION         
VTEC maps.                                                  DESCRIPTION         
To convert line-of-sight TEC into vertical TEC, a modified  DESCRIPTION         
single-layer model mapping function approximating the JPL   DESCRIPTION         
extended slab model mapping function is adopted. The        DESCRIPTION         
mapping function is evaluated at geodetic satellite         DESCRIPTION         
elevation angles. For the computation of the ionospheric    DESCRIPTION         
pierce points, a spherical layer with a radius of 6821 km   DESCRIPTION         
is assumed, implying geocentric, not geodetic IONEX         DESCRIPTION         
latitudes.                                                  DESCRIPTION         
Instrumental biases with respect to each involved GNSS code DESCRIPTION         
observable are estimated as constant values for each        DESCRIPTION         
day. They are modeled with one set of bias parameters for   DESCRIPTION         
each satellite and each station in case of GPS and for each DESCRIPTION         
satellite-station link in case of GLONASS. The code bias    DESCRIPTION         
datum is defined by zero-mean conditions imposed on the     DESCRIPTION         
satellite bias estimates. In this file, just GPS C1W-C2W    DESCRIPTION         
satellite and station bias values are included. The         DESCRIPTION         
complete set of GNSS code bias results is provided in an    DESCRIPTION         
additional Bias-SINEX file as pseudo-absolute values        DESCRIPTION         
specific to each observable.                                DESCRIPTION         
Note: These GIM results correspond to the results for the   DESCRIPTION         
last day of a 3-day combination analysis solving for 73     DESCRIPTION         
times 256, or 18688 VTEC parameters and 3 daily sets of     DESCRIPTION         
GNSS code bias parameters.                                  DESCRIPTION         
Contact address: code(at)aiub.unibe.ch                      DESCRIPTION         
Data archive:    ftp.aiub.unibe.ch/CODE/                    DESCRIPTION         
                 www.aiub.unibe.ch/download/CODE/           DESCRIPTION         
  2024     8     5     0     0     0                        EPOCH OF FIRST MAP  
  2024     8     6     0     0     0                        EPOCH OF LAST MAP   
  3600                                                      INTERVAL            
[...]
    87.5 -87.5  -2.5                                        LAT1 / LAT2 / DLAT  
  -180.0 180.0   5.0                                        LON1 / LON2 / DLON  
    -1                                                      EXPONENT            
TEC/RMS values in 0.1 TECU; 9999, if no value available     COMMENT             
Peak TEC values for the included maps:                      COMMENT             
 984  981  966  966  949  942  996 1031 1026  989  944  908 COMMENT             
 880  881  906  914  919  938  903  912  935  967 1000 1030 COMMENT             
1045                                                        COMMENT             
List of stations:                                           COMMENT             
adis albh algo alic amu2 areq ascg aspa auck bake bjfs bogo COMMENT             
bor1 braz brft brst brux bshm cas1 ccj2 cedu chti chur cord COMMENT             
cpvg cro1 darw dav1 dgar dubo fair flin flrs frdn func ganp COMMENT             
glps gode gope gras guam hert hnpt hob2 hofn holm hrao iisc COMMENT             
ineg invk iqal joz2 jplm kerg kir0 kit3 kour lpal lpgs mac1 COMMENT             
mal2 mas1 mat1 mate maw1 mcm4 mizu mkea mobs mtka nano nklg COMMENT             
nnor ntus nya1 onsa park pdel pert pimo pots qaq1 rabt ramo COMMENT             
reun reyk rio2 sant sch2 scub sofi sthl stjo str2 suth sydn COMMENT             
syog tabv tash thti thu2 tid1 tn22 tow2 ulab unb3 unbj unsa COMMENT             
urum usud vald whit wind wtzz xmis yarr yel2 ykro zim2 zimm COMMENT             
                                                            END OF HEADER       
[from data line 7722]
    19                                                      START OF TEC MAP    
  2024     8     5    18     0     0                        EPOCH OF CURRENT MAP
    87.5-180.0 180.0   5.0 450.0                            LAT/LON1/LON2/DLON/H
  225  225  225  225  224  224  224  224  224  223  223  223  222  222  222  221
  221  220  220  219  219  218  217  216  215  215  214  213  212  211  210  209
  208  208  207  206  206  206  206  205  206  206  206  207  208  209  209  211
  212  213  214  215  217  218  219  220  221  222  223  224  224  225  225  226
  226  226  226  226  226  226  226  226  225
    85.0-180.0 180.0   5.0 450.0                            LAT/LON1/LON2/DLON/H
  222  222  221  220  220  220  220  220  220  221  221  221  222  222  222  222
  222  222  222  221  220  220  219  217  216  214  213  211  209  207  205  203
  201  199  197  195  194  192  192  191  191  191  192  193  195  197  199  202
  204  207  210  213  216  218  221  223  225  227  228  230  230  231  231  231
  230  230  229  228  227  226  224  223  222
    82.5-180.0 180.0   5.0 450.0                            LAT/LON1/LON2/DLON/H
  210  208  207  206  206  206  207  208  210  211  213  215  217  218  220  221
  222  222  223  223  223  222  222  221  220  219  217  215  213  210  207  204
  201  197  194  191  188  185  183  181  181  181  181  183  185  188  191  195
  199  203  208  212  216  220  223  226  228  230  231  232  232  232  231  230
  228  227  224  222  219  217  214  212  210
    80.0-180.0 180.0   5.0 450.0                            LAT/LON1/LON2/DLON/H
  192  189  188  187  187  188  190  192  196  199  203  206  209  212  215  217
  219  220  222  223  224  225  226  226  227  227  226  225  223  221  218  214
  210  205  200  195  191  187  183  180  178  177  178  179  181  184  188  193
  198  203  207  212  216  219  222  225  226  227  228  228  227  226  224  222
  220  217  213  210  206  202  198  195  192
    77.5-180.0 180.0   5.0 450.0                            LAT/LON1/LON2/DLON/H
  174  171  169  168  169  171  174  178  182  188  193  198  202  206  210  212
  215  217  219  221  224  226  229  232  234  236  238  238  237  236  233  230
  225  220  215  209  203  197  192  188  185  183  182  183  185  188  191  196
  200  204  208  211  214  216  217  217  217  216  215  214  213  211  209  207
  205  202  199  195  191  187  182  178  174
    75.0-180.0 180.0   5.0 450.0                            LAT/LON1/LON2/DLON/H
  165  161  159  158  158  160  163  168  174  181  187  193  198  203  206  208
  210  213  215  218  222  226  231  236  241  245  248  250  251  251  249  246
  242  238  232  226  220  214  208  203  199  196  194  193  194  196  198  201
  204  206  208  208  208  206  204  201  198  195  192  190  189  187  187  186
  185  184  183  181  179  176  172  168  165
    72.5-180.0 180.0   5.0 450.0                            LAT/LON1/LON2/DLON/H
  166  163  160  158  158  159  162  167  173  180  187  193  198  202  204  206
  207  209  212  215  220  225  232  238  245  251  255  258  260  261  260  258
  255  251  246  241  236  230  225  219  215  211  208  206  205  205  206  207
  207  207  205  202  197  191  185  178  172  166  162  159  158  158  160  162
  164  167  169  171  172  172  171  169  166
    70.0-180.0 180.0   5.0 450.0                            LAT/LON1/LON2/DLON/H
  178  176  173  170  168  168  170  174  179  185  191  197  201  204  205  206
  206  208  210  214  219  225  232  240  246  252  256  259  261  262  261  260
  258  256  253  250  247  243  238  234  229  224  221  218  215  213  212  210
  207  203  198  191  182  172  162  151  142  135  129  127  126  128  132  138
  144  151  158  164  170  174  177  178  178
    67.5-180.0 180.0   5.0 450.0                            LAT/LON1/LON2/DLON/H
  195  194  192  188  185  183  182  184  188  193  198  202  205  207  207  207
  207  208  211  215  220  226  233  239  244  248  251  252  253  253  253  252
  252  252  252  252  251  249  247  243  239  235  230  226  221  217  213  209
  204  197  188  178  166  153  139  127  115  107  101   99  100  103  109  117
  126  136  147  158  169  179  187  192  195
    65.0-180.0 180.0   5.0 450.0                            LAT/LON1/LON2/DLON/H
  210  212  210  207  202  198  195  195  197  200  204  207  209  209  209  209
  209  211  214  218  223  228  233  237  239  240  240  240  239  238  238  239
  241  243  246  248  250  251  251  249  245  241  236  230  224  218  212  205
  197  188  178  165  152  137  123  109   98   89   84   82   83   88   94  102
  112  124  136  150  165  180  193  203  210
    62.5-180.0 180.0   5.0 450.0                            LAT/LON1/LON2/DLON/H
  216  222  222  219  213  208  204  202  202  204  206  208  209  210  210  211
  212  214  217  222  226  230  232  233  232  230  228  225  224  223  224  227
  230  235  240  245  250  253  254  253  250  246  240  233  226  218  210  201
  191  180  169  156  143  129  116  103   93   85   81   79   81   84   89   95
  102  112  124  139  155  174  191  206  216
    60.0-180.0 180.0   5.0 450.0                            LAT/LON1/LON2/DLON/H
  212  220  223  221  216  210  206  203  202  202  204  205  206  207  209  211
  213  217  221  225  228  230  230  228  224  220  217  214  214  215  218  222
  228  234  241  248  253  257  259  259  256  252  246  238  230  220  210  199
  188  177  165  154  142  130  119  110  102   96   93   91   91   92   93   95
   97  102  110  123  139  159  179  197  212
    57.5-180.0 180.0   5.0 450.0                            LAT/LON1/LON2/DLON/H
  197  208  213  213  210  206  202  199  198  198  198  199  201  203  206  210
  214  219  223  227  229  229  227  223  218  214  211  211  213  217  223  230
  237  244  251  258  263  268  270  269  267  262  255  247  237  226  214  202
  190  178  167  157  148  139  132  126  121  118  116  114  112  109  105  101
   98   96   98  106  120  138  160  180  197
    55.0-180.0 180.0   5.0 450.0                            LAT/LON1/LON2/DLON/H
  178  190  197  200  199  197  195  194  193  193  193  194  196  199  204  209
  215  220  224  227  229  228  225  221  217  214  214  217  223  231  240  248
  255  262  268  274  279  283  285  284  281  275  268  259  248  236  222  209
  196  185  175  166  159  153  149  146  145  144  143  140  136  130  122  113
  103   94   90   93  102  118  139  160  178
    52.5-180.0 180.0   5.0 450.0                            LAT/LON1/LON2/DLON/H
  162  175  184  188  190  190  191  191  191  190  190  190  193  197  203  210
  216  221  225  227  229  228  226  224  222  222  225  232  242  252  262  270
  277  282  287  292  296  300  302  300  296  290  282  272  260  247  233  219
  206  194  185  177  171  167  165  165  166  167  167  164  159  151  140  127
  113  100   90   88   93  106  124  144  162
    50.0-180.0 180.0   5.0 450.0                            LAT/LON1/LON2/DLON/H
  156  169  178  184  188  191  193  194  194  193  192  192  194  198  205  212
  218  223  226  229  231  233  234  234  235  238  244  252  262  273  282  289
  293  296  300  305  310  314  317  316  311  304  294  283  270  256  242  228
  215  204  195  187  181  177  176  177  179  182  183  181  175  167  155  142
  127  112  101   95   97  106  122  140  156
    47.5-180.0 180.0   5.0 450.0                            LAT/LON1/LON2/DLON/H
  164  177  186  192  197  201  203  204  204  202  199  198  199  204  210  217
  223  227  230  234  239  244  248  252  255  259  265  272  279  286  292  295
  297  299  302  308  315  323  328  328  322  313  301  288  275  261  247  234
  222  211  202  194  187  182  179  180  183  187  189  189  184  177  168  157
  144  131  120  113  113  120  134  149  164
    45.0-180.0 180.0   5.0 450.0                            LAT/LON1/LON2/DLON/H
  185  197  206  212  217  221  222  223  220  217  212  209  209  213  219  225
  230  234  239  245  253  262  270  276  280  282  284  285  287  288  288  288
  287  289  294  302  314  326  334  336  330  318  304  288  273  260  247  236
  225  215  207  198  190  183  178  177  180  185  189  190  187  183  177  171
  163  154  145  139  138  145  157  171  185
    42.5-180.0 180.0   5.0 450.0                            LAT/LON1/LON2/DLON/H
  213  226  235  241  245  248  248  246  242  236  230  225  223  225  230  236
  241  246  252  261  273  285  295  301  304  302  298  291  284  278  273  271
  270  273  281  294  312  329  341  344  336  321  303  285  269  256  246  236
  228  219  211  202  193  184  177  174  177  183  188  190  189  187  186  185
  183  178  172  167  167  173  185  199  213
    40.0-180.0 180.0   5.0 450.0                            LAT/LON1/LON2/DLON/H
  241  255  266  273  277  277  276  272  267  259  251  245  241  241  244  249
  255  261  270  282  296  310  320  324  323  316  304  290  276  264  257  256
  258  265  277  295  317  339  353  356  346  327  305  284  267  256  247  240
  234  226  219  211  201  191  183  178  180  185  191  194  194  194  195  198
  200  199  195  192  192  198  210  226  241
    37.5-180.0 180.0   5.0 450.0                            LAT/LON1/LON2/DLON/H
  262  279  292  301  305  305  302  298  292  285  277  268  262  260  262  267
  273  281  292  306  321  333  340  340  334  323  306  288  270  258  254  258
  267  279  295  315  340  363  378  379  365  341  314  291  274  264  258  254
  248  241  234  227  219  209  200  195  195  199  204  206  205  205  207  211
  215  215  212  208  208  214  226  244  262
    35.0-180.0 180.0   5.0 450.0                            LAT/LON1/LON2/DLON/H
  272  293  310  321  326  327  325  322  319  314  306  297  289  285  285  289
  295  305  317  331  343  350  351  347  338  325  309  292  277  271  276  290
  308  326  344  363  386  407  418  413  394  365  335  310  295  287  284  280
  274  266  259  253  247  240  232  225  223  225  228  227  224  221  221  224
  226  225  220  214  212  217  231  250  272
    32.5-180.0 180.0   5.0 450.0                            LAT/LON1/LON2/DLON/H
  271  296  316  331  339  343  344  345  345  344  339  330  321  316  314  317
  324  334  346  357  363  362  356  347  338  329  320  312  308  314  333  360
  388  410  426  440  455  468  471  459  432  399  366  342  329  324  322  319
  311  300  291  286  284  280  273  266  261  260  259  255  247  240  236  235
  234  229  221  213  208  211  224  245  271
    30.0-180.0 180.0   5.0 450.0                            LAT/LON1/LON2/DLON/H
  261  290  314  332  344  352  358  364  371  375  374  368  360  353  351  353
  359  369  378  384  382  371  357  346  341  343  347  353  365  388  423  464
  500  523  532  536  539  539  531  508  474  436  403  381  371  369  369  365
  354  339  327  322  323  323  318  309  301  296  291  282  270  258  249  243
  237  229  218  206  199  200  212  234  261
    27.5-180.0 180.0   5.0 450.0                            LAT/LON1/LON2/DLON/H
  249  279  306  328  343  356  368  381  395  406  410  407  401  396  395  396
  402  409  415  414  402  382  363  353  358  374  395  419  448  487  537  589
  629  648  647  636  623  609  586  552  509  468  436  418  411  412  415  410
  396  375  359  353  357  360  356  346  335  325  316  303  286  270  257  247
  238  226  213  199  190  189  199  221  249
    25.0-180.0 180.0   5.0 450.0                            LAT/LON1/LON2/DLON/H
  239  269  297  320  339  356  374  394  415  432  442  444  443  441  442  444
  449  455  457  450  430  402  381  377  394  427  465  505  547  598  656  712
  751  762  748  722  694  664  628  581  530  486  456  442  439  443  447  443
  426  402  381  374  378  382  378  366  352  340  327  311  292  274  259  247
  235  222  208  195  185  182  190  211  239
    22.5-180.0 180.0   5.0 450.0                            LAT/LON1/LON2/DLON/H
  233  263  290  314  335  355  377  402  429  452  467  475  479  484  488  493
  499  504  503  492  467  437  418  423  454  501  552  601  648  702  760  814
  846  846  819  780  739  697  648  590  531  485  457  446  445  452  458  457
  440  413  389  380  382  386  381  367  351  337  323  306  287  269  255  242
  229  217  205  194  184  180  187  206  233
    20.0-180.0 180.0   5.0 450.0                            LAT/LON1/LON2/DLON/H
  231  259  285  308  330  353  377  405  434  461  481  496  507  519  530  539
  547  553  553  541  516  489  477  493  535  591  646  694  737  783  833  876
  897  887  850  803  755  705  647  579  514  465  438  428  429  436  445  448
  436  410  385  373  373  374  366  350  333  319  305  290  273  258  245  234
  222  211  202  194  186  182  188  205  231
    17.5-180.0 180.0   5.0 450.0                            LAT/LON1/LON2/DLON/H
  230  257  282  305  327  350  375  403  433  461  485  505  525  545  563  577
  589  598  602  594  575  556  554  580  630  687  736  771  800  830  865  894
  903  885  844  795  747  695  632  557  486  434  406  396  395  401  413  423
  418  398  374  359  355  351  340  322  305  293  282  268  254  243  234  224
  214  205  199  194  188  184  189  205  230
    15.0-180.0 180.0   5.0 450.0                            LAT/LON1/LON2/DLON/H
  227  254  280  303  325  348  371  398  426  455  481  506  533  561  586  606
  622  636  646  647  638  630  639  674  725  774  807  824  832  843  859  873
  873  850  811  768  727  680  615  535  458  403  374  361  356  360  374  391
  396  384  363  347  339  330  314  295  279  269  261  250  238  230  224  216
  206  198  193  190  186  182  186  202  227
    12.5-180.0 180.0   5.0 450.0                            LAT/LON1/LON2/DLON/H
  220  249  276  302  325  348  370  394  421  449  476  504  536  570  601  625
  646  666  684  695  697  702  721  760  806  841  853  847  834  827  827  830
  824  803  772  741  712  671  608  526  445  386  354  338  328  328  343  366
  382  379  363  346  333  319  300  279  265  258  250  240  229  223  218  211
  199  190  185  182  178  173  177  193  220
    10.0-180.0 180.0   5.0 450.0                            LAT/LON1/LON2/DLON/H
  208  240  272  301  329  353  374  396  421  449  477  507  541  578  612  638
  661  686  712  733  747  762  788  826  862  879  870  844  816  797  788  784
  778  763  745  729  712  680  620  537  453  393  360  339  324  318  332  360
  384  389  378  361  344  325  303  282  269  263  255  242  230  222  217  208
  194  181  175  171  165  159  162  179  208
     7.5-180.0 180.0   5.0 450.0                            LAT/LON1/LON2/DLON/H
  193  230  267  303  336  363  385  407  433  461  489  519  553  590  623  650
  673  700  731  760  781  803  832  865  888  887  861  824  790  768  758  754
  752  746  741  738  732  708  652  569  486  427  393  371  350  339  349  377
  405  414  405  389  370  348  324  303  291  283  272  255  238  227  220  208
  190  174  164  158  150  142  144  162  193
     5.0-180.0 180.0   5.0 450.0                            LAT/LON1/LON2/DLON/H
  178  220  264  307  347  378  403  428  456  487  516  545  577  611  641  664
  685  711  744  775  800  823  849  875  885  871  837  799  770  754  750  751
  754  756  760  766  767  748  695  616  536  480  449  427  404  387  391  414
  439  448  439  422  403  380  356  335  323  313  296  272  249  234  223  208
  187  167  155  146  136  127  127  145  178
     2.5-180.0 180.0   5.0 450.0                            LAT/LON1/LON2/DLON/H
  166  211  261  313  360  397  427  456  489  524  555  583  612  641  667  685
  701  724  754  784  807  826  846  862  862  841  808  779  764  762  766  773
  780  787  795  803  805  786  736  662  589  541  515  496  472  450  446  459
  476  478  466  448  430  410  387  368  354  340  317  286  256  237  223  205
  182  161  147  138  126  115  115  132  166
