COD0OPSRAP_20242380000_01D_01H_GIM.INX
     1.0            IONOSPHERE MAPS     GNSS                IONEX VERSION / TYPE
ADDNEQ2 V5.5        AIUB                26-AUG-24 08:01     PGM / RUN BY / DATE 
CODE'S RAPID IONOSPHERE MAPS FOR DAY 238, 2024              COMMENT             
Global ionosphere maps (GIM) are generated on a daily basis DESCRIPTION         
at CODE using data from about 120 GNSS sites of the IGS and DESCRIPTION         
other institutions. The vertical total electron content     DESCRIPTION         
(VTEC) is modeled in a solar-geomagnetic reference frame    DESCRIPTION         
using a spherical harmonics expansion up to degree and      DESCRIPTION         
order 15. Piece-wise linear functions are used for          DESCRIPTION         
representation in the time domain. The time spacing of      DESCRIPTION         
their vertices is 1 hour, conforming with the epochs of the DESCRIPTION         
VTEC maps.                                                  DESCRIPTION         
To convert line-of-sight TEC into vertical TEC, a modified  DESCRIPTION         
single-layer model mapping function approximating the JPL   DESCRIPTION         
extended slab model mapping function is adopted. The        DESCRIPTION         
mapping function is evaluated at geodetic satellite         DESCRIPTION         
elevation angles. For the computation of the ionospheric    DESCRIPTION         
pierce points, a spherical layer with a radius of 6821 km   DESCRIPTION         
is assumed, implying geocentric, not geodetic IONEX         DESCRIPTION         
latitudes.                                                  DESCRIPTION         
Instrumental biases with respect to each involved GNSS code DESCRIPTION         
observable are estimated as constant values for each        DESCRIPTION         
day. They are modeled with one set of bias parameters for   DESCRIPTION         
each satellite and each station in case of GPS and for each DESCRIPTION         
satellite-station link in case of GLONASS. The code bias    DESCRIPTION         
datum is defined by zero-mean conditions imposed on the     DESCRIPTION         
satellite bias estimates. In this file, just GPS C1W-C2W    DESCRIPTION         
satellite and station bias values are included. The         DESCRIPTION         
complete set of GNSS code bias results is provided in an    DESCRIPTION         
additional Bias-SINEX file as pseudo-absolute values        DESCRIPTION         
specific to each observable.                                DESCRIPTION         
Note: These GIM results correspond to the results for the   DESCRIPTION         
last day of a 3-day combination analysis solving for 73     DESCRIPTION         
times 256, or 18688 VTEC parameters and 3 daily sets of     DESCRIPTION         
GNSS code bias parameters.                                  DESCRIPTION         
Contact address: code(at)aiub.unibe.ch                      DESCRIPTION         
Data archive:    ftp.aiub.unibe.ch/CODE/                    DESCRIPTION         
                 www.aiub.unibe.ch/download/CODE/           DESCRIPTION         
  2024     8    25     0     0     0                        EPOCH OF FIRST MAP  
  2024     8    26     0     0     0                        EPOCH OF LAST MAP   
  3600                                                      INTERVAL            
[...]
    87.5 -87.5  -2.5                                        LAT1 / LAT2 / DLAT  
  -180.0 180.0   5.0                                        LON1 / LON2 / DLON  
    -1                                                      EXPONENT            
TEC/RMS values in 0.1 TECU; 9999, if no value available     COMMENT             
Peak TEC values for the included maps:                      COMMENT             
1120 1142 1188 1199 1130 1043 1014 1039 1091 1101 1063 1013 COMMENT             
 978  955  955 1045 1085 1064 1068 1029 1018 1036 1059 1059 COMMENT             
1071                                                        COMMENT             
List of stations:                                           COMMENT             
albh algo alic amu2 areq ascg aspa bake bogo bor1 braz brft COMMENT             
brst brux bshm cas1 ccj2 cedu chur cord cpvg cro1 darw dav1 COMMENT             
dgar dubo faa1 fair flin flrs frdn func ganp glps glsv gode COMMENT             
gope gras graz guam guat hers hert hnpt hob2 hofn hrao ineg COMMENT             
invk iqal joz2 jplm kerg kir0 kit3 kour lpal lpgs mac1 mal2 COMMENT             
mas1 mat1 mate maw1 mcm4 mizu mkea mobs mtka nano nklg nnor COMMENT             
ntus nya1 onsa park pdel pert pimo pots qaq1 rabt reun reyk COMMENT             
rio2 sant sch2 scub sofi sthl stjo str2 suth sydn syog tabv COMMENT             
tash thti thu2 tid1 tn22 tow2 ulab unb3 unbj unsa urum usud COMMENT             
vald whit wind wtzz xmis yarr yel2 ykro zim2 zimm           COMMENT             
                                                            END OF HEADER       
[from data line 858]
     3                                                      START OF TEC MAP    
  2024     8    25     2     0     0                        EPOCH OF CURRENT MAP
    87.5-180.0 180.0   5.0 450.0                            LAT/LON1/LON2/DLON/H
  237  238  238  238  239  238  238  238  237  237  236  234  233  232  230  228
  227  225  222  220  218  216  213  211  208  206  204  202  200  198  196  195
  194  193  192  191  191  191  191  191  192  192  193  194  195  196  197  199
  200  202  203  205  207  209  211  212  214  216  218  220  222  223  225  227
  228  230  231  233  234  235  236  237  237
    85.0-180.0 180.0   5.0 450.0                            LAT/LON1/LON2/DLON/H
  248  249  250  251  252  252  252  252  252  251  250  248  247  245  242  239
  236  232  228  224  220  215  210  205  200  195  190  186  182  178  174  172
  169  168  166  166  165  166  166  167  169  170  172  174  176  178  180  183
  185  187  190  193  195  198  201  204  208  211  214  217  221  224  227  230
  233  235  238  240  242  244  245  247  248
    82.5-180.0 180.0   5.0 450.0                            LAT/LON1/LON2/DLON/H
  248  250  251  253  254  255  256  257  257  257  257  256  255  253  250  247
  243  239  234  229  223  217  210  203  195  188  181  173  167  161  156  151
  148  146  145  145  145  146  148  150  153  155  158  160  163  165  167  169
  171  174  176  179  182  185  188  192  196  201  205  210  214  219  223  227
  231  234  237  239  242  244  245  247  248
    80.0-180.0 180.0   5.0 450.0                            LAT/LON1/LON2/DLON/H
  240  242  243  245  247  249  251  253  255  256  256  256  255  254  252  249
  246  243  238  233  228  221  214  205  197  187  178  168  159  151  144  138
  134  132  131  131  133  136  139  142  146  149  152  154  156  157  158  159
  160  160  162  163  166  169  172  177  182  188  194  200  206  211  217  222
  226  229  232  234  236  237  238  239  240
    77.5-180.0 180.0   5.0 450.0                            LAT/LON1/LON2/DLON/H
  229  229  231  233  235  238  242  245  247  249  250  250  249  248  246  244
  241  239  237  234  230  225  219  212  203  193  181  170  159  149  140  133
  128  125  125  126  129  132  137  141  145  148  151  152  153  152  151  150
  149  148  148  148  150  153  157  162  169  176  183  191  199  206  213  218
  223  226  228  229  230  229  229  229  229
    75.0-180.0 180.0   5.0 450.0                            LAT/LON1/LON2/DLON/H
  219  218  219  221  224  228  232  236  239  242  242  241  239  236  233  230
  228  227  227  227  227  226  223  218  211  201  189  177  164  152  141  133
  128  125  124  126  129  133  138  143  147  149  151  151  150  148  146  143
  140  138  137  137  139  142  147  154  162  170  180  189  199  207  215  221
  225  228  229  229  227  225  223  221  219
    72.5-180.0 180.0   5.0 450.0                            LAT/LON1/LON2/DLON/H
  215  213  212  213  217  221  227  232  235  237  237  233  228  222  216  211
  207  207  209  213  217  220  222  220  215  207  196  183  169  156  145  135
  129  126  125  127  130  134  138  142  146  148  148  148  146  143  140  137
  135  133  132  134  136  141  147  156  165  175  186  197  207  217  225  231
  235  237  237  235  232  228  223  219  215
    70.0-180.0 180.0   5.0 450.0                            LAT/LON1/LON2/DLON/H
  219  214  212  212  215  220  226  232  237  238  237  231  222  211  200  191
  185  183  186  192  200  207  213  215  213  206  196  183  169  156  145  136
  129  125  124  125  127  130  134  137  139  140  140  139  138  136  135  133
  133  134  136  139  145  151  160  169  180  191  203  214  225  234  242  247
  251  252  251  248  244  238  231  224  219
    67.5-180.0 180.0   5.0 450.0                            LAT/LON1/LON2/DLON/H
  229  222  217  215  217  222  228  236  241  244  242  235  223  207  191  177
  167  163  164  170  179  189  196  200  200  194  185  174  161  149  139  131
  125  121  119  119  120  121  123  125  126  127  128  128  128  129  130  133
  137  142  148  155  163  172  182  193  204  215  227  238  247  256  262  267
  270  271  269  266  260  253  245  237  229
    65.0-180.0 180.0   5.0 450.0                            LAT/LON1/LON2/DLON/H
  243  234  226  221  220  223  230  238  246  251  250  243  230  213  193  174
  160  151  149  152  160  168  175  178  177  172  164  155  145  136  128  122
  118  114  112  110  109  109  109  110  111  113  114  116  119  123  129  137
  146  156  166  177  188  199  210  221  232  243  253  262  270  277  282  286
  288  289  287  284  278  271  263  253  243
    62.5-180.0 180.0   5.0 450.0                            LAT/LON1/LON2/DLON/H
  258  246  235  227  222  223  228  236  246  254  257  253  243  226  206  185
  167  154  147  145  147  151  154  154  151  145  138  130  124  119  115  112
  109  106  103  100   98   97   96   97   98  100  103  108  114  122  132  144
  158  173  188  202  215  227  238  248  257  266  274  281  287  293  297  300
  301  302  301  299  295  288  280  270  258
    60.0-180.0 180.0   5.0 450.0                            LAT/LON1/LON2/DLON/H
  273  259  245  232  223  219  222  229  240  251  258  260  255  243  226  207
  188  172  159  151  146  142  138  133  126  119  113  108  106  105  105  105
  103  101   97   94   91   89   89   90   92   95  100  106  114  125  139  155
  173  191  209  225  239  250  260  268  275  281  287  292  296  299  302  305
  307  309  310  309  306  302  295  285  273
    57.5-180.0 180.0   5.0 450.0                            LAT/LON1/LON2/DLON/H
  286  272  256  240  226  217  215  220  229  241  253  260  262  259  249  235
  218  201  184  170  157  145  133  122  111  103   97   96   97  100  103  104
  103  100   97   93   90   89   90   92   95   99  104  111  120  132  148  167
  187  207  226  242  255  265  272  277  282  286  289  292  295  297  300  303
  307  310  312  313  313  311  306  298  286
    55.0-180.0 180.0   5.0 450.0                            LAT/LON1/LON2/DLON/H
  300  288  272  253  236  222  214  214  220  230  243  254  264  269  269  263
  251  236  217  197  177  159  141  125  111  102   98   99  103  108  111  112
  110  106  102   98   97   97   99  102  106  111  116  122  131  143  159  179
  200  221  239  254  265  272  276  279  281  283  284  286  288  290  293  297
  302  306  311  314  316  316  314  309  300
    52.5-180.0 180.0   5.0 450.0                            LAT/LON1/LON2/DLON/H
  315  307  294  276  257  239  227  220  220  225  234  246  259  271  281  284
  280  268  250  228  204  181  160  142  128  119  116  118  123  127  129  127
  122  116  111  109  108  110  114  119  123  127  131  135  143  154  171  190
  212  233  251  264  272  277  278  279  279  279  280  280  281  283  286  291
  297  303  309  315  318  320  321  320  315
    50.0-180.0 180.0   5.0 450.0                            LAT/LON1/LON2/DLON/H
  333  330  322  308  291  272  255  243  235  232  234  241  253  269  285  296
  300  293  277  255  231  208  187  170  157  150  148  150  154  155  152  145
  136  128  122  121  123  127  132  136  141  143  146  149  155  166  182  203
  225  246  263  275  282  284  284  284  283  283  283  283  283  283  286  290
  297  304  311  317  322  326  329  332  333
    47.5-180.0 180.0   5.0 450.0                            LAT/LON1/LON2/DLON/H
  352  356  354  346  333  316  298  282  268  256  248  246  253  266  284  301
  310  307  295  276  255  234  217  203  193  187  186  187  188  184  175  162
  148  138  133  134  137  143  148  152  156  157  158  160  166  177  195  217
  241  264  281  293  299  301  301  300  300  300  300  300  298  297  297  300
  306  312  319  325  330  335  340  346  352
    45.0-180.0 180.0   5.0 450.0                            LAT/LON1/LON2/DLON/H
  370  379  384  383  375  363  348  332  314  295  277  265  261  269  284  301
  313  314  304  289  271  256  244  234  227  223  221  220  217  208  192  173
  156  145  142  146  151  157  162  165  167  168  169  170  176  189  209  234
  262  286  306  318  325  328  330  331  333  335  336  334  331  327  324  324
  326  330  336  341  345  348  353  361  370
    42.5-180.0 180.0   5.0 450.0                            LAT/LON1/LON2/DLON/H
  387  399  408  411  409  402  393  380  363  342  317  295  282  281  290  304
  314  315  308  295  282  272  264  258  253  248  246  243  236  223  203  181
  162  153  153  159  166  171  174  176  177  178  178  181  188  202  225  254
  285  313  334  349  359  364  369  374  380  385  387  385  379  372  365  360
  359  359  362  364  367  368  371  378  387
    40.0-180.0 180.0   5.0 450.0                            LAT/LON1/LON2/DLON/H
  404  413  422  427  427  425  421  416  404  385  360  333  312  302  304  311
  318  317  310  298  288  281  276  271  266  261  257  253  245  230  209  187
  170  164  168  176  184  188  187  187  187  188  190  194  202  218  243  275
  308  339  363  380  393  402  412  422  433  441  446  444  437  427  417  408
  401  398  397  397  397  396  395  397  404
    37.5-180.0 180.0   5.0 450.0                            LAT/LON1/LON2/DLON/H
  422  426  429  431  430  429  430  430  427  416  395  369  346  330  325  326
  327  323  313  302  292  286  282  276  269  262  257  254  248  235  217  198
  185  184  191  202  209  209  205  201  201  204  207  210  218  233  259  291
  326  358  385  405  420  434  449  465  481  495  503  503  496  485  473  462
  452  445  441  440  438  434  428  423  422
    35.0-180.0 180.0   5.0 450.0                            LAT/LON1/LON2/DLON/H
  450  444  439  433  426  421  421  426  430  428  416  397  376  359  349  344
  340  332  320  307  297  290  284  276  267  259  255  254  253  246  234  220
  212  215  225  236  240  236  227  221  220  223  227  230  235  247  269  300
  334  367  394  416  435  453  472  494  517  536  548  551  547  538  528  517
  506  497  492  491  489  483  472  460  450
    32.5-180.0 180.0   5.0 450.0                            LAT/LON1/LON2/DLON/H
  494  478  464  448  430  416  410  413  420  425  423  414  400  385  372  363
  354  342  328  314  302  295  287  278  268  260  259  263  268  268  262  254
  251  257  267  276  276  266  253  244  242  245  248  248  248  254  271  298
  330  361  389  412  433  454  478  504  532  557  574  581  582  579  575  568
  559  552  548  549  550  544  530  511  494
    30.0-180.0 180.0   5.0 450.0                            LAT/LON1/LON2/DLON/H
  557  536  514  488  460  434  416  410  412  418  423  422  415  404  391  379
  366  352  336  321  310  303  296  288  279  275  278  287  298  304  304  299
  298  303  312  316  311  295  278  265  262  264  265  261  255  253  263  284
  312  342  370  394  416  439  466  496  528  557  578  591  599  605  609  611
  608  605  606  612  617  615  601  580  557
    27.5-180.0 180.0   5.0 450.0                            LAT/LON1/LON2/DLON/H
  642  621  596  566  529  491  458  436  425  424  428  431  429  420  406  391
  375  359  343  330  321  316  313  309  305  306  313  327  341  350  351  347
  344  346  350  349  337  317  296  281  276  276  274  265  252  242  244  260
  286  315  343  367  391  415  442  474  508  540  566  584  600  616  632  645
  651  655  662  675  688  691  681  663  642
    25.0-180.0 180.0   5.0 450.0                            LAT/LON1/LON2/DLON/H
  741  726  707  679  640  594  547  505  475  459  454  453  450  440  423  403
  384  366  350  340  335  335  338  341  345  351  362  376  388  394  392  385
  378  374  372  365  349  326  302  286  279  277  272  259  240  224  220  231
  256  286  316  342  366  390  417  449  484  517  545  568  591  617  646  670
  687  699  713  734  754  766  764  754  741
    22.5-180.0 180.0   5.0 450.0                            LAT/LON1/LON2/DLON/H
  841  840  834  815  782  735  679  620  568  531  510  499  489  472  449  423
  398  378  363  355  355  361  370  380  391  402  413  422  428  426  417  403
  390  381  373  361  343  319  296  279  271  266  259  243  221  201  194  204
  230  263  296  325  350  374  400  431  464  498  527  553  582  617  656  691
  717  736  756  783  811  831  840  842  841
    20.0-180.0 180.0   5.0 450.0                            LAT/LON1/LON2/DLON/H
  930  945  955  952  932  894  837  768  697  638  598  573  551  524  491  457
  426  401  385  379  381  391  405  420  435  446  452  452  446  433  415  395
  377  363  351  338  320  299  279  263  254  248  239  223  201  180  172  184
  213  251  288  320  347  372  398  427  460  492  522  550  582  623  669  711
  743  767  791  821  853  881  900  914  930
    17.5-180.0 180.0   5.0 450.0                            LAT/LON1/LON2/DLON/H
  993 1023 1049 1064 1063 1041  993  922  840  766  709  669  634  595  552  509
  471  441  422  414  415  425  438  453  465  471  468  455  434  409  384  360
  341  325  313  301  287  271  256  243  234  227  219  204  184  165  159  173
  206  250  292  329  359  386  413  442  473  505  534  564  598  641  690  735
  770  795  819  848  880  911  937  963  993
    15.0-180.0 180.0   5.0 450.0                            LAT/LON1/LON2/DLON/H
 1023 1063 1100 1130 1148 1145 1114 1051  970  889  823  772  727  679  628  577
  532  497  473  459  455  458  464  471  474  470  454  427  394  360  331  308
  291  279  269  260  252  243  234  226  218  211  203  190  173  157  153  170
  207  256  304  345  380  411  441  472  503  535  565  595  630  673  721  765
  799  822  843  867  895  923  952  985 1023
    12.5-180.0 180.0   5.0 450.0                            LAT/LON1/LON2/DLON/H
 1022 1063 1102 1139 1171 1188 1177 1130 1059  983  917  864  814  761  705  651
  602  562  532  511  497  487  479  471  460  442  413  375  333  297  270  253
  243  236  231  227  224  222  220  216  210  202  194  184  169  156  153  172
  211  264  316  363  403  440  476  510  543  576  608  640  675  716  760  801
  831  852  867  884  903  924  950  983 1022
    10.0-180.0 180.0   5.0 450.0                            LAT/LON1/LON2/DLON/H
 1000 1032 1064 1098 1135 1165 1172 1145 1091 1028  971  923  876  824  769  715
  667  625  589  560  534  508  481  455  427  396  357  313  271  238  219  211
  209  209  209  209  210  213  216  216  211  202  193  183  170  157  154  172
  212  266  322  372  419  464  507  547  583  618  653  688  724  762  803  839
  867  884  894  902  911  923  941  968 1000
     7.5-180.0 180.0   5.0 450.0                            LAT/LON1/LON2/DLON/H
  973  990 1005 1026 1057 1091 1110 1099 1063 1018  976  939  900  854  804  756
  711  670  632  595  558  516  472  428  386  346  304  261  225  203  195  196
  201  206  208  209  211  216  221  223  217  208  196  185  171  157  152  167
  204  258  314  369  422  476  527  573  613  650  688  727  766  804  841  874
  901  917  925  927  926  927  936  953  973
     5.0-180.0 180.0   5.0 450.0                            LAT/LON1/LON2/DLON/H
  957  956  950  952  969  997 1016 1015  993  964  938  912  882  844  802  761
  723  686  649  609  564  512  454  399  350  309  271  237  213  203  205  213
  221  225  226  224  223  225  230  231  225  212  198  183  167  150  142  153
  187  237  294  351  410  471  530  581  624  664  705  749  791  830  866  900
  928  947  956  955  948  942  943  950  957
     2.5-180.0 180.0   5.0 450.0                            LAT/LON1/LON2/DLON/H
  961  945  921  903  902  915  926  924  908  889  873  856  832  800  765  732
  700  669  636  599  553  497  436  379  333  298  272  252  242  243  250  258
  262  261  254  246  238  235  235  234  226  210  192  174  155  136  125  131
  161  207  262  320  383  450  515  569  613  654  699  747  794  836  874  909
  941  966  980  981  973  965  963  964  961
