COD0OPSRAP_20242180000_01D_01H_GIM.INX
     1.0            IONOSPHERE MAPS     GNSS                IONEX VERSION / TYPE
ADDNEQ2 V5.5        AIUB                06-AUG-24 08:11     PGM / RUN BY / DATE 
CODE'S RAPID IONOSPHERE MAPS FOR DAY 218, 2024              COMMENT             
Global ionosphere maps (GIM) are generated on a daily basis DESCRIPTION         
at CODE using data from about 120 GNSS sites of the IGS and DESCRIPTION         
other institutions. The vertical total electron content     DESCRIPTION         
(VTEC) is modeled in a solar-geomagnetic reference frame    DESCRIPTION         
using a spherical harmonics expansion up to degree and      DESCRIPTION         
order 15. Piece-wise linear functions are used for          DESCRIPTION         
representation in the time domain. The time spacing of      DESCRIPTION         
their vertices is 1 hour, conforming with the epochs of the DESCRIPTION         
VTEC maps.                                                  DESCRIPTION         
To convert line-of-sight TEC into vertical TEC, a modified  DESCRIPTION         
single-layer model mapping function approximating the JPL   DESCRIPTION         
extended slab model mapping function is adopted. The        DESCRIPTION         
mapping function is evaluated at geodetic satellite         DESCRIPTION         
elevation angles. For the computation of the ionospheric    DESCRIPTION         
pierce points, a spherical layer with a radius of 6821 km   DESCRIPTION         
is assumed, implying geocentric, not geodetic IONEX         DESCRIPTION         
latitudes.                                                  DESCRIPTION         
Instrumental biases with respect to each involved GNSS code DESCRIPTION         
observable are estimated as constant values for each        DESCRIPTION         
day. They are modeled with one set of bias parameters for   DESCRIPTION         
each satellite and each station in case of GPS and for each DESCRIPTION         
satellite-station link in case of GLONASS. The code bias    DESCRIPTION         
datum is defined by zero-mean conditions imposed on the     DESCRIPTION         
satellite bias estimates. In this file, just GPS C1W-C2W    DESCRIPTION         
satellite and station bias values are included. The         DESCRIPTION         
complete set of GNSS code bias results is provided in an    DESCRIPTION         
additional Bias-SINEX file as pseudo-absolute values        DESCRIPTION         
specific to each observable.                                DESCRIPTION         
Note: These GIM results correspond to the results for the   DESCRIPTION         
last day of a 3-day combination analysis solving for 73     DESCRIPTION         
times 256, or 18688 VTEC parameters and 3 daily sets of     DESCRIPTION         
GNSS code bias parameters.                                  DESCRIPTION         
Contact address: code(at)aiub.unibe.ch                      DESCRIPTION         
Data archive:    ftp.aiub.unibe.ch/CODE/                    DESCRIPTION         
                 www.aiub.unibe.ch/download/CODE/           DESCRIPTION         
  2024     8     5     0     0     0                        EPOCH OF FIRST MAP  
  2024     8     6     0     0     0                        EPOCH OF LAST MAP   
  3600                                                      INTERVAL            
[...]
    87.5 -87.5  -2.5                                        LAT1 / LAT2 / DLAT  
  -180.0 180.0   5.0                                        LON1 / LON2 / DLON  
    -1                                                      EXPONENT            
TEC/RMS values in 0.1 TECU; 9999, if no value available     COMMENT             
Peak TEC values for the included maps:                      COMMENT             
 984  981  966  966  949  942  996 1031 1026  989  944  908 COMMENT             
 880  881  906  914  919  938  903  912  935  967 1000 1030 COMMENT             
1045                                                        COMMENT             
List of stations:                                           COMMENT             
adis albh algo alic amu2 areq ascg aspa auck bake bjfs bogo COMMENT             
bor1 braz brft brst brux bshm cas1 ccj2 cedu chti chur cord COMMENT             
cpvg cro1 darw dav1 dgar dubo fair flin flrs frdn func ganp COMMENT             
glps gode gope gras guam hert hnpt hob2 hofn holm hrao iisc COMMENT             
ineg invk iqal joz2 jplm kerg kir0 kit3 kour lpal lpgs mac1 COMMENT             
mal2 mas1 mat1 mate maw1 mcm4 mizu mkea mobs mtka nano nklg COMMENT             
nnor ntus nya1 onsa park pdel pert pimo pots qaq1 rabt ramo COMMENT             
reun reyk rio2 sant sch2 scub sofi sthl stjo str2 suth sydn COMMENT             
syog tabv tash thti thu2 tid1 tn22 tow2 ulab unb3 unbj unsa COMMENT             
urum usud vald whit wind wtzz xmis yarr yel2 ykro zim2 zimm COMMENT             
                                                            END OF HEADER       
[from data line 3432]
     9                                                      START OF TEC MAP    
  2024     8     5     8     0     0                        EPOCH OF CURRENT MAP
    87.5-180.0 180.0   5.0 450.0                            LAT/LON1/LON2/DLON/H
  147  149  150  152  154  155  157  159  160  162  164  165  167  168  169  170
  171  172  172  173  173  173  173  173  173  172  172  171  170  169  169  168
  167  165  164  163  162  161  160  158  157  156  155  154  153  151  150  149
  148  147  146  145  144  143  142  142  141  140  140  139  139  139  139  139
  139  140  141  141  142  143  144  146  147
    85.0-180.0 180.0   5.0 450.0                            LAT/LON1/LON2/DLON/H
  138  140  143  146  149  152  156  159  162  165  168  171  173  176  178  180
  181  182  183  183  184  183  183  182  181  180  179  177  176  174  172  170
  169  167  166  164  162  161  160  158  157  156  155  154  152  151  150  149
  147  146  144  143  141  140  138  136  135  133  132  130  129  128  128  127
  127  127  128  129  130  132  133  135  138
    82.5-180.0 180.0   5.0 450.0                            LAT/LON1/LON2/DLON/H
  133  135  138  141  145  148  152  156  160  163  167  170  173  176  178  180
  182  183  184  184  184  183  182  180  178  176  174  172  170  168  166  164
  163  161  160  159  159  158  158  158  158  158  158  158  158  158  158  158
  158  157  156  154  153  151  148  146  143  140  138  135  133  130  129  127
  126  125  125  125  126  127  129  130  133
    80.0-180.0 180.0   5.0 450.0                            LAT/LON1/LON2/DLON/H
  135  136  138  140  142  145  148  151  154  157  160  163  165  168  170  172
  173  174  175  174  174  172  170  168  165  163  160  157  155  153  152  151
  151  151  151  152  153  154  156  158  160  163  166  168  171  174  176  178
  180  180  181  180  179  177  174  171  167  163  159  155  151  148  145  142
  140  138  136  135  134  134  134  134  135
    77.5-180.0 180.0   5.0 450.0                            LAT/LON1/LON2/DLON/H
  145  144  143  143  143  144  145  146  147  148  150  151  152  153  154  156
  157  158  158  158  157  155  153  150  147  144  140  138  136  135  135  135
  137  139  142  145  149  153  157  162  167  173  178  184  190  196  201  206
  210  213  215  216  215  213  210  206  202  197  192  187  182  177  173  169
  166  163  160  157  154  152  149  147  145
    75.0-180.0 180.0   5.0 450.0                            LAT/LON1/LON2/DLON/H
  161  156  152  149  146  144  143  142  141  140  138  137  136  136  136  136
  137  138  139  140  139  138  135  132  128  125  122  119  118  118  120  122
  126  131  137  143  149  156  163  170  178  186  195  203  212  221  230  237
  243  248  252  253  253  251  248  243  238  232  227  221  216  211  207  203
  200  196  192  187  182  177  172  166  161
    72.5-180.0 180.0   5.0 450.0                            LAT/LON1/LON2/DLON/H
  177  168  161  155  150  146  143  140  137  133  129  126  122  120  119  118
  119  121  123  125  125  124  122  119  115  111  108  106  105  107  110  115
  121  129  137  145  154  163  173  182  192  202  213  224  235  246  256  265
  272  278  282  284  283  281  277  272  266  260  255  249  245  241  237  234
  231  228  223  218  211  204  195  186  177
    70.0-180.0 180.0   5.0 450.0                            LAT/LON1/LON2/DLON/H
  188  176  166  158  151  146  142  139  134  129  124  118  112  108  106  105
  106  109  112  115  117  117  116  113  109  105  102  100  101  103  108  114
  123  132  142  153  164  175  186  197  208  220  232  244  256  267  277  285
  292  297  299  300  299  295  291  285  279  273  268  263  260  257  256  254
  252  250  246  240  233  223  212  200  188
    67.5-180.0 180.0   5.0 450.0                            LAT/LON1/LON2/DLON/H
  190  176  164  154  148  143  140  137  133  128  121  114  107  101   98   97
   99  102  107  111  115  116  115  113  109  105  103  101  102  105  111  119
  128  139  151  163  175  188  200  213  226  238  251  262  273  282  290  296
  300  302  302  300  297  292  286  280  274  269  264  261  259  258  258  258
  258  257  254  249  242  232  219  205  190
    65.0-180.0 180.0   5.0 450.0                            LAT/LON1/LON2/DLON/H
  183  167  154  145  138  135  133  132  130  126  119  112  105   99   95   94
   95  100  105  110  114  116  116  114  111  108  106  106  108  112  118  125
  135  146  159  172  186  201  215  229  243  257  269  279  287  293  296  298
  297  295  292  287  281  275  268  261  256  251  247  245  244  245  246  247
  248  248  247  243  236  227  214  199  183
    62.5-180.0 180.0   5.0 450.0                            LAT/LON1/LON2/DLON/H
  170  154  141  131  125  123  123  124  123  121  116  110  103   97   94   93
   94   98  103  108  112  113  113  112  110  109  109  111  113  118  124  132
  141  152  165  180  196  212  229  246  261  275  287  295  300  301  299  295
  290  283  276  268  260  252  245  238  232  228  226  224  224  224  225  226
  227  228  227  225  220  212  201  186  170
    60.0-180.0 180.0   5.0 450.0                            LAT/LON1/LON2/DLON/H
  158  143  129  119  113  111  111  113  113  112  109  104   99   95   92   91
   93   95   99  102  105  105  105  105  104  106  108  112  117  122  128  135
  144  155  169  185  203  222  242  261  279  295  307  313  315  311  304  295
  284  274  264  254  244  235  227  220  215  211  208  207  206  206  206  205
  205  205  204  203  201  195  186  173  158
    57.5-180.0 180.0   5.0 450.0                            LAT/LON1/LON2/DLON/H
  154  140  126  114  107  103  102  102  102  101   98   95   92   90   89   88
   89   90   91   92   92   92   91   91   93   97  103  110  117  123  129  136
  144  155  170  188  208  231  254  277  298  316  328  334  332  325  314  301
  287  275  264  253  242  233  224  216  210  206  203  201  200  197  195  192
  189  187  187  186  186  183  177  167  154
    55.0-180.0 180.0   5.0 450.0                            LAT/LON1/LON2/DLON/H
  163  149  135  123  113  106  101   97   93   90   86   84   83   83   83   83
   83   82   81   80   77   75   73   74   78   85   95  106  115  123  129  135
  143  154  170  190  213  238  265  291  316  337  351  356  354  344  331  316
  303  291  280  269  258  248  237  228  221  216  212  209  206  202  197  192
  186  183  181  180  181  182  179  173  163
    52.5-180.0 180.0   5.0 450.0                            LAT/LON1/LON2/DLON/H
  183  172  159  145  132  121  111  101   92   83   77   74   73   74   76   77
   76   74   71   67   63   59   57   58   63   74   87  100  112  121  128  134
  143  155  172  193  218  245  274  304  333  357  374  381  379  369  356  342
  330  320  311  301  290  278  265  254  245  238  232  228  223  218  212  205
  198  192  189  188  190  192  193  191  183
    50.0-180.0 180.0   5.0 450.0                            LAT/LON1/LON2/DLON/H
  212  203  191  176  161  146  131  115   99   85   74   68   67   68   69   70
   69   66   62   58   53   48   46   47   54   66   81   97  111  122  129  136
  145  158  175  197  222  251  282  315  347  375  395  405  405  397  386  375
  367  360  353  343  330  315  300  285  273  263  256  250  245  239  233  226
  219  213  209  207  209  212  215  216  212
    47.5-180.0 180.0   5.0 450.0                            LAT/LON1/LON2/DLON/H
  240  234  223  209  194  176  157  137  115   96   80   70   66   65   66   66
   64   62   58   54   49   45   43   45   51   64   80   98  113  125  133  141
  151  164  181  202  227  255  287  322  358  390  415  428  430  425  418  411
  406  402  396  385  370  351  331  313  298  285  276  269  263  258  253  248
  242  237  233  231  232  235  239  241  240
    45.0-180.0 180.0   5.0 450.0                            LAT/LON1/LON2/DLON/H
  258  254  246  234  220  203  184  161  137  114   94   80   72   68   66   64
   63   61   58   56   54   51   49   51   57   69   84  102  118  130  141  150
  160  173  189  208  230  257  289  326  366  402  430  447  453  452  448  445
  443  441  434  421  402  379  355  333  315  300  288  280  273  269  266  264
  261  259  256  254  252  253  256  258  258
    42.5-180.0 180.0   5.0 450.0                            LAT/LON1/LON2/DLON/H
  262  259  253  244  232  219  202  182  159  135  114   97   84   76   70   67
   64   63   63   64   64   63   62   63   68   78   92  109  124  138  150  161
  172  184  197  212  232  257  289  329  371  411  443  464  473  475  474  474
  474  472  463  446  423  396  369  345  325  308  294  284  276  271  270  270
  272  272  271  268  265  262  261  262  262
    40.0-180.0 180.0   5.0 450.0                            LAT/LON1/LON2/DLON/H
  252  249  243  235  226  217  206  191  174  154  134  116  101   89   79   73
   70   69   71   74   77   78   79   79   83   91  103  117  132  146  160  173
  185  195  205  217  233  257  290  332  377  420  454  477  489  494  497  498
  499  495  484  464  438  409  381  357  336  317  302  288  277  271  268  269
  273  277  278  275  269  262  257  254  252
    37.5-180.0 180.0   5.0 450.0                            LAT/LON1/LON2/DLON/H
  235  228  220  212  205  200  194  188  178  165  150  135  118  103   91   82
   78   78   81   86   91   94   95   96   99  104  113  125  140  155  172  187
  199  207  213  222  236  260  295  338  385  429  465  490  504  512  517  521
  521  516  502  481  455  428  402  379  358  339  320  303  287  275  269  268
  272  278  281  278  269  258  248  240  235
    35.0-180.0 180.0   5.0 450.0                            LAT/LON1/LON2/DLON/H
  221  210  198  186  178  173  173  172  171  167  160  148  134  118  104   94
   90   89   93   98  104  108  111  112  114  117  124  134  147  164  183  200
  213  219  223  229  244  269  306  351  398  442  477  502  519  530  539  545
  546  540  527  507  485  462  441  422  403  382  360  338  315  296  282  275
  277  283  287  285  274  259  244  231  221
    32.5-180.0 180.0   5.0 450.0                            LAT/LON1/LON2/DLON/H
  222  205  187  170  157  150  150  153  158  162  162  157  146  132  118  108
  103  102  105  110  116  121  125  127  129  131  134  142  155  173  195  214
  228  233  236  242  258  287  326  372  418  459  491  516  536  551  565  574
  577  573  563  549  535  520  506  491  473  451  426  397  367  338  314  300
  297  301  306  304  293  275  255  237  222
    30.0-180.0 180.0   5.0 450.0                            LAT/LON1/LON2/DLON/H
  245  224  200  176  156  143  138  141  147  156  161  162  155  144  132  123
  118  117  119  122  128  134  139  143  144  145  146  151  163  182  207  229
  243  249  252  261  281  314  356  401  443  479  508  533  555  576  596  610
  617  618  614  609  605  600  594  583  565  542  512  478  441  403  370  347
  337  339  343  342  330  310  287  265  245
    27.5-180.0 180.0   5.0 450.0                            LAT/LON1/LON2/DLON/H
  292  268  240  210  182  160  148  144  148  155  163  166  163  155  145  139
  135  133  134  136  141  148  155  160  161  160  158  161  171  191  218  243
  259  267  273  286  312  349  392  435  472  503  528  552  578  606  632  653
  665  671  675  681  688  694  694  685  668  642  609  571  528  485  444  414
  399  397  400  399  387  365  339  314  292
    25.0-180.0 180.0   5.0 450.0                            LAT/LON1/LON2/DLON/H
  354  330  301  268  234  205  183  170  165  167  172  175  173  166  159  154
  151  150  149  150  155  164  173  179  180  176  171  170  179  199  227  255
  274  285  296  316  348  389  433  472  504  529  550  574  604  639  672  698
  716  727  739  754  770  784  789  782  763  735  701  661  617  571  528  494
  476  472  474  472  458  433  404  378  354
    22.5-180.0 180.0   5.0 450.0                            LAT/LON1/LON2/DLON/H
  419  398  372  339  303  269  239  216  202  195  193  192  187  180  174  169
  167  165  163  164  170  180  191  198  198  192  183  178  184  204  233  263
  286  302  320  347  385  430  473  509  536  556  576  600  634  673  711  742
  762  777  793  814  837  854  861  854  835  807  773  735  693  650  610  578
  559  554  555  550  533  503  470  441  419
    20.0-180.0 180.0   5.0 450.0                            LAT/LON1/LON2/DLON/H
  471  454  435  408  375  339  306  276  252  235  225  216  207  197  189  184
  181  178  175  176  183  195  207  215  214  205  192  183  185  204  234  266
  293  316  341  375  419  466  508  541  565  584  604  630  665  706  746  777
  797  812  829  851  875  892  898  892  874  848  817  784  748  712  679  653
  639  635  633  624  600  564  524  492  471
    17.5-180.0 180.0   5.0 450.0                            LAT/LON1/LON2/DLON/H
  499  488  476  458  432  401  368  335  306  282  262  245  230  216  205  197
  192  188  185  185  193  206  219  226  224  213  196  183  182  198  229  263
  295  324  357  398  447  495  535  567  591  612  634  661  697  737  775  802
  818  828  841  860  880  894  899  893  879  859  834  807  780  753  731  714
  706  703  699  684  652  606  558  521  499
    15.0-180.0 180.0   5.0 450.0                            LAT/LON1/LON2/DLON/H
  501  493  489  480  463  439  411  382  352  324  298  275  254  236  221  210
  203  196  191  191  197  210  223  230  227  214  195  178  174  189  219  256
  292  327  367  414  465  512  553  585  613  638  664  693  727  763  795  815
  824  827  833  845  858  868  872  869  862  850  833  813  793  776  764  758
  756  754  747  725  683  627  569  525  501
    12.5-180.0 180.0   5.0 450.0                            LAT/LON1/LON2/DLON/H
  484  477  477  475  464  448  429  406  381  353  326  300  276  254  237  223
  212  203  195  193  198  209  220  227  224  211  190  171  164  177  207  245
  286  326  371  421  473  520  560  595  629  662  693  723  754  783  807  819
  820  816  814  817  823  829  834  838  840  838  828  814  799  788  785  786
  788  787  775  746  697  631  563  511  484
    10.0-180.0 180.0   5.0 450.0                            LAT/LON1/LON2/DLON/H
  461  451  453  452  445  434  421  407  388  364  339  314  291  270  251  236
  223  211  201  195  196  204  213  219  216  204  184  163  155  165  194  235
  278  323  371  422  472  518  559  598  640  680  717  748  774  797  812  817
  813  804  797  794  795  799  806  818  830  837  834  822  808  800  799  804
  807  804  788  753  698  626  552  493  461
     7.5-180.0 180.0   5.0 450.0                            LAT/LON1/LON2/DLON/H
  449  436  433  429  419  409  400  391  377  358  337  316  297  280  265  250
  236  222  209  199  196  198  204  209  208  197  178  158  148  157  185  226
  272  319  368  417  465  509  550  595  643  691  732  763  786  803  813  815
  809  800  793  789  789  793  805  824  844  857  857  845  828  816  813  815
  816  808  788  751  695  623  547  485  449
     5.0-180.0 180.0   5.0 450.0                            LAT/LON1/LON2/DLON/H
  461  444  435  424  407  391  380  371  359  343  324  309  297  287  276  264
  251  236  221  208  199  197  199  202  201  192  175  156  145  152  180  222
  269  317  364  410  454  495  538  585  639  691  734  766  787  802  811  814
  813  810  809  809  813  821  836  859  883  898  897  880  857  838  828  823
  817  804  781  745  694  629  559  499  461
     2.5-180.0 180.0   5.0 450.0                            LAT/LON1/LON2/DLON/H
  502  483  469  449  423  398  379  364  347  328  309  298  292  290  286  278
  267  253  237  221  208  200  198  199  199  191  176  157  146  152  179  221
  269  316  360  402  440  479  522  571  626  680  724  756  777  793  805  815
  824  833  843  854  864  876  893  915  936  947  940  918  887  859  840  826
  811  792  768  738  698  646  588  537  502
