COD0OPSRAP_20242430000_01D_01H_GIM.INX
     1.0            IONOSPHERE MAPS     GNSS                IONEX VERSION / TYPE
ADDNEQ2 V5.5        AIUB                31-AUG-24 08:01     PGM / RUN BY / DATE 
CODE'S RAPID IONOSPHERE MAPS FOR DAY 243, 2024              COMMENT             
Global ionosphere maps (GIM) are generated on a daily basis DESCRIPTION         
at CODE using data from about 120 GNSS sites of the IGS and DESCRIPTION         
other institutions. The vertical total electron content     DESCRIPTION         
(VTEC) is modeled in a solar-geomagnetic reference frame    DESCRIPTION         
using a spherical harmonics expansion up to degree and      DESCRIPTION         
order 15. Piece-wise linear functions are used for          DESCRIPTION         
representation in the time domain. The time spacing of      DESCRIPTION         
their vertices is 1 hour, conforming with the epochs of the DESCRIPTION         
VTEC maps.                                                  DESCRIPTION         
To convert line-of-sight TEC into vertical TEC, a modified  DESCRIPTION         
single-layer model mapping function approximating the JPL   DESCRIPTION         
extended slab model mapping function is adopted. The        DESCRIPTION         
mapping function is evaluated at geodetic satellite         DESCRIPTION         
elevation angles. For the computation of the ionospheric    DESCRIPTION         
pierce points, a spherical layer with a radius of 6821 km   DESCRIPTION         
is assumed, implying geocentric, not geodetic IONEX         DESCRIPTION         
latitudes.                                                  DESCRIPTION         
Instrumental biases with respect to each involved GNSS code DESCRIPTION         
observable are estimated as constant values for each        DESCRIPTION         
day. They are modeled with one set of bias parameters for   DESCRIPTION         
each satellite and each station in case of GPS and for each DESCRIPTION         
satellite-station link in case of GLONASS. The code bias    DESCRIPTION         
datum is defined by zero-mean conditions imposed on the     DESCRIPTION         
satellite bias estimates. In this file, just GPS C1W-C2W    DESCRIPTION         
satellite and station bias values are included. The         DESCRIPTION         
complete set of GNSS code bias results is provided in an    DESCRIPTION         
additional Bias-SINEX file as pseudo-absolute values        DESCRIPTION         
specific to each observable.                                DESCRIPTION         
Note: These GIM results correspond to the results for the   DESCRIPTION         
last day of a 3-day combination analysis solving for 73     DESCRIPTION         
times 256, or 18688 VTEC parameters and 3 daily sets of     DESCRIPTION         
GNSS code bias parameters.                                  DESCRIPTION         
Contact address: code(at)aiub.unibe.ch                      DESCRIPTION         
Data archive:    ftp.aiub.unibe.ch/CODE/                    DESCRIPTION         
                 www.aiub.unibe.ch/download/CODE/           DESCRIPTION         
  2024     8    30     0     0     0                        EPOCH OF FIRST MAP  
  2024     8    31     0     0     0                        EPOCH OF LAST MAP   
  3600                                                      INTERVAL            
[...]
    87.5 -87.5  -2.5                                        LAT1 / LAT2 / DLAT  
  -180.0 180.0   5.0                                        LON1 / LON2 / DLON  
    -1                                                      EXPONENT            
TEC/RMS values in 0.1 TECU; 9999, if no value available     COMMENT             
Peak TEC values for the included maps:                      COMMENT             
1111 1154 1203 1240 1209 1162 1142 1152 1160 1142 1139 1135 COMMENT             
1112 1097 1140 1210 1234 1219 1175 1142 1196 1216 1208 1199 COMMENT             
1200                                                        COMMENT             
List of stations:                                           COMMENT             
albh algo alic amu2 areq ascg aspa bake bogo bor1 braz brft COMMENT             
brst brux bshm cas1 ccj2 cedu chur cord cpvg cro1 darw dav1 COMMENT             
dgar dubo faa1 fair flin flrs frdn func ganp glps glsv gode COMMENT             
gope gras graz guam guat hert hnpt hob2 hofn hrao iisc ineg COMMENT             
invk iqal joz2 jplm kerg kir0 kit3 kour lpal lpgs mac1 mal2 COMMENT             
mas1 mat1 mate maw1 mcm4 mizu mkea mobs mtka nano nklg nnor COMMENT             
ntus nya1 onsa park pdel pert pimo pots qaq1 rabt ramo reun COMMENT             
reyk rio2 sant sch2 scub sofi sthl stjo str2 suth sydn syog COMMENT             
tabv tash thti thu2 tid1 tn22 tow2 ulab unb3 unbj unsa urum COMMENT             
usud vald whit wtzz xmis yarr yel2 ykro zim2 zimm           COMMENT             
                                                            END OF HEADER       
[from data line 6864]
    17                                                      START OF TEC MAP    
  2024     8    30    16     0     0                        EPOCH OF CURRENT MAP
    87.5-180.0 180.0   5.0 450.0                            LAT/LON1/LON2/DLON/H
  252  254  257  260  262  265  267  269  270  271  272  273  273  272  272  271
  269  268  266  263  261  258  255  252  249  246  243  239  236  233  230  227
  225  222  220  218  216  215  213  212  211  211  210  210  210  210  210  210
  210  211  211  212  213  213  214  215  216  218  219  220  222  224  226  228
  230  232  235  237  240  243  246  249  252
    85.0-180.0 180.0   5.0 450.0                            LAT/LON1/LON2/DLON/H
  246  252  259  265  271  277  282  286  290  293  296  297  297  297  296  293
  290  286  282  277  271  265  259  252  246  239  232  226  220  214  208  203
  199  194  191  188  186  184  183  182  182  182  183  184  185  186  188  189
  190  191  192  193  194  195  195  196  196  197  197  198  199  200  202  204
  207  210  214  218  223  228  234  240  246
    82.5-180.0 180.0   5.0 450.0                            LAT/LON1/LON2/DLON/H
  226  235  245  255  264  274  282  290  296  301  305  307  308  307  305  301
  297  291  284  277  269  260  252  243  233  224  215  207  198  190  183  176
  171  166  162  159  158  157  157  158  160  163  166  169  172  176  179  182
  184  186  188  189  189  189  188  187  185  183  181  180  178  178  177  178
  179  181  185  189  195  201  209  217  226
    80.0-180.0 180.0   5.0 450.0                            LAT/LON1/LON2/DLON/H
  197  208  220  232  244  256  267  277  286  292  297  300  301  299  297  292
  287  280  272  264  256  247  237  228  218  209  199  190  181  172  164  157
  151  146  142  140  139  139  142  145  149  155  160  166  173  178  184  188
  192  195  196  197  196  195  192  189  185  180  175  170  165  161  158  155
  154  154  156  159  164  170  178  187  197
    77.5-180.0 180.0   5.0 450.0                            LAT/LON1/LON2/DLON/H
  168  179  191  203  217  230  242  253  263  270  275  278  278  277  273  268
  263  257  250  244  237  230  223  216  209  201  193  184  176  167  159  152
  145  140  136  134  134  135  139  144  151  158  167  175  183  191  197  202
  207  209  211  211  210  207  203  198  192  185  177  170  162  155  148  143
  139  137  136  137  140  144  150  158  168
    75.0-180.0 180.0   5.0 450.0                            LAT/LON1/LON2/DLON/H
  145  154  164  176  188  201  213  224  234  241  245  247  247  244  241  237
  232  228  225  222  220  218  216  213  210  206  201  195  187  180  172  164
  156  150  146  143  143  145  149  155  163  172  181  190  199  206  212  217
  220  222  222  221  219  216  212  207  200  192  184  175  165  156  148  141
  135  131  128  127  128  130  133  139  145
    72.5-180.0 180.0   5.0 450.0                            LAT/LON1/LON2/DLON/H
  134  139  146  155  165  177  188  198  206  212  215  216  214  211  207  204
  202  202  203  206  210  215  219  223  225  226  224  220  215  208  199  191
  183  175  169  165  163  164  168  174  182  191  200  208  215  220  224  225
  225  224  222  220  218  215  212  207  202  196  188  179  170  161  153  146
  140  136  133  131  129  129  129  131  134
    70.0-180.0 180.0   5.0 450.0                            LAT/LON1/LON2/DLON/H
  134  135  138  144  152  161  171  179  186  190  191  190  187  183  180  178
  179  182  189  199  210  223  234  244  252  256  258  256  252  246  237  228
  219  210  202  196  192  191  194  198  204  212  219  224  228  229  228  224
  219  213  208  204  201  199  198  196  194  190  185  179  172  164  158  152
  148  145  143  141  140  138  136  134  134
    67.5-180.0 180.0   5.0 450.0                            LAT/LON1/LON2/DLON/H
  140  138  139  142  148  155  163  171  176  178  177  174  170  165  162  162
  165  173  186  201  219  238  255  270  282  290  294  295  292  286  278  269
  259  249  240  232  226  223  223  225  229  233  237  239  238  234  226  216
  204  193  184  177  173  171  172  174  176  176  174  171  166  161  156  153
  151  150  151  151  150  149  146  143  140
    65.0-180.0 180.0   5.0 450.0                            LAT/LON1/LON2/DLON/H
  146  143  143  145  150  157  164  170  174  175  173  168  163  158  155  156
  162  173  190  210  232  255  276  295  309  319  325  327  326  323  317  309
  300  290  280  271  263  258  255  254  255  256  257  254  248  238  224  207
  189  172  158  147  142  141  144  148  153  157  158  157  154  150  146  144
  144  146  149  152  154  154  152  149  146
    62.5-180.0 180.0   5.0 450.0                            LAT/LON1/LON2/DLON/H
  146  145  146  149  154  161  168  174  178  178  175  170  164  159  158  160
  167  179  197  219  243  267  290  310  325  337  344  349  351  351  349  344
  338  330  321  312  303  295  290  286  283  282  279  273  263  248  229  207
  184  162  143  129  121  119  122  128  135  140  143  143  140  135  131  128
  128  131  135  140  145  148  149  148  146
    60.0-180.0 180.0   5.0 450.0                            LAT/LON1/LON2/DLON/H
  139  141  144  149  156  164  172  178  181  181  178  174  170  166  166  169
  176  188  204  224  247  271  293  312  328  340  351  359  366  372  375  375
  373  368  362  354  345  336  327  321  315  311  305  297  285  268  247  222
  196  170  148  131  120  116  117  123  129  135  137  135  130  123  116  111
  108  109  113  118  124  129  134  137  139
    57.5-180.0 180.0   5.0 450.0                            LAT/LON1/LON2/DLON/H
  125  131  137  145  154  163  172  179  182  183  181  178  176  176  177  181
  187  196  208  224  243  264  284  302  318  333  347  361  374  387  396  403
  405  405  401  395  387  377  367  358  351  344  337  328  316  299  278  254
  228  202  178  159  145  136  134  137  141  144  144  140  132  122  110  100
   93   89   89   92   98  104  112  118  125
    55.0-180.0 180.0   5.0 450.0                            LAT/LON1/LON2/DLON/H
  109  118  127  137  147  158  168  176  180  182  181  182  183  186  190  195
  199  204  210  220  234  250  268  286  303  320  339  360  380  400  416  427
  434  437  436  433  426  417  407  396  388  380  373  364  353  338  319  298
  275  252  229  207  190  177  171  168  169  169  166  159  148  133  118  102
   89   80   74   73   75   81   90   99  109
    52.5-180.0 180.0   5.0 450.0                            LAT/LON1/LON2/DLON/H
   97  108  118  129  140  152  163  171  176  179  181  185  190  198  205  210
  212  212  212  215  223  236  252  270  289  311  335  362  390  415  435  449
  458  463  465  464  460  452  443  433  424  416  409  402  392  379  364  347
  328  309  288  266  246  229  217  210  206  203  197  188  175  158  140  121
  104   88   76   68   66   69   76   86   97
    50.0-180.0 180.0   5.0 450.0                            LAT/LON1/LON2/DLON/H
   95  105  115  124  135  147  159  169  176  180  184  190  200  211  222  228
  229  223  217  214  217  227  243  263  286  312  341  374  405  433  454  468
  477  482  485  487  486  481  474  465  457  451  444  437  427  416  403  390
  376  360  341  320  298  277  261  250  243  237  230  220  207  192  174  155
  135  115   98   84   75   74   78   86   95
    47.5-180.0 180.0   5.0 450.0                            LAT/LON1/LON2/DLON/H
  104  111  117  125  135  148  161  173  182  188  194  202  214  229  243  250
  249  240  228  219  220  229  247  270  297  327  360  395  429  456  474  484
  490  493  498  502  505  505  501  495  489  483  477  468  458  445  432  420
  409  395  378  357  333  311  293  280  271  264  257  248  237  225  211  195
  177  157  136  118  104   96   95   99  104
    45.0-180.0 180.0   5.0 450.0                            LAT/LON1/LON2/DLON/H
  123  124  126  131  140  154  170  185  197  205  212  222  235  252  267  276
  274  262  246  235  234  244  265  292  322  356  391  426  458  481  494  499
  500  502  508  516  523  528  528  526  522  516  509  498  483  467  451  437
  425  411  394  372  348  326  308  295  286  279  272  265  258  251  242  233
  220  203  184  163  145  132  125  123  123
    42.5-180.0 180.0   5.0 450.0                            LAT/LON1/LON2/DLON/H
  145  140  137  139  148  164  184  204  220  231  240  250  263  280  296  305
  303  290  273  260  259  272  297  327  361  396  431  464  491  509  516  516
  515  517  525  537  550  559  564  564  561  555  544  529  509  487  466  448
  432  415  395  371  347  325  309  298  290  284  278  273  269  266  264  261
  256  245  229  209  189  172  160  152  145
    40.0-180.0 180.0   5.0 450.0                            LAT/LON1/LON2/DLON/H
  167  156  148  148  157  176  201  227  248  263  274  283  295  311  327  336
  335  322  305  292  293  309  337  371  407  441  475  505  527  540  544  543
  543  549  561  578  595  608  616  617  613  603  588  567  541  514  487  464
  442  419  394  367  342  321  307  298  293  287  281  276  273  272  274  277
  278  274  264  247  227  208  192  179  167
    37.5-180.0 180.0   5.0 450.0                            LAT/LON1/LON2/DLON/H
  182  167  156  154  165  187  217  248  275  295  308  319  330  343  358  368
  368  357  341  331  333  352  382  418  454  488  519  546  565  576  581  585
  592  606  625  647  667  681  689  688  680  664  643  616  586  555  524  496
  468  439  408  377  349  328  316  309  304  298  291  284  279  277  279  284
  289  290  284  271  253  234  215  198  182
    35.0-180.0 180.0   5.0 450.0                            LAT/LON1/LON2/DLON/H
  191  173  160  157  169  194  228  265  298  323  340  352  363  375  388  398
  400  393  381  373  378  398  429  464  499  532  561  586  606  619  631  646
  667  693  721  746  766  779  783  777  761  737  708  677  645  613  582  552
  521  486  449  413  381  359  346  339  334  326  317  306  297  291  288  290
  294  296  292  282  265  247  228  209  191
    32.5-180.0 180.0   5.0 450.0                            LAT/LON1/LON2/DLON/H
  194  175  161  158  170  197  234  275  312  342  365  380  392  404  416  427
  432  429  422  419  426  446  475  508  540  571  600  627  649  671  696  728
  766  806  842  869  886  893  890  875  849  815  779  744  713  685  658  630
  598  561  519  478  443  417  402  392  385  375  363  349  335  321  311  304
  302  300  295  285  269  251  233  214  194
    30.0-180.0 180.0   5.0 450.0                            LAT/LON1/LON2/DLON/H
  198  178  163  160  172  199  236  278  318  353  381  402  416  429  442  455
  464  467  466  467  476  495  521  549  578  607  637  667  697  730  772  823
  880  933  974  999 1009 1007  994  969  932  889  846  809  781  760  739  716
  687  650  608  565  526  496  476  463  452  440  427  411  393  372  352  335
  323  314  303  289  271  253  235  217  198
    27.5-180.0 180.0   5.0 450.0                            LAT/LON1/LON2/DLON/H
  205  185  170  165  176  201  238  279  320  358  391  417  436  451  466  481
  495  505  512  519  530  547  567  589  614  642  674  709  748  794  851  921
  993 1056 1097 1114 1114 1102 1079 1044  998  946  898  861  837  822  808  791
  766  734  694  652  612  579  554  536  523  512  500  485  465  439  410  384
  362  343  324  302  280  259  241  224  205
    25.0-180.0 180.0   5.0 450.0                            LAT/LON1/LON2/DLON/H
  218  198  182  176  185  208  241  280  321  360  396  427  451  470  488  507
  526  543  558  572  586  601  616  631  650  677  711  752  799  855  926 1007
 1088 1153 1188 1195 1183 1159 1128 1087 1035  978  926  889  868  856  845  831
  811  785  753  717  679  644  616  596  583  576  569  559  540  512  478  445
  415  388  359  329  300  275  255  237  218
    22.5-180.0 180.0   5.0 450.0                            LAT/LON1/LON2/DLON/H
  238  217  199  191  198  219  249  286  324  364  401  435  464  488  509  532
  556  580  604  624  642  656  665  675  689  714  750  795  847  910  985 1070
 1151 1209 1234 1227 1202 1170 1134 1091 1038  980  928  890  867  852  838  821
  804  786  765  739  707  675  646  627  619  619  621  617  602  576  543  509
  476  442  406  367  331  301  278  259  238
    20.0-180.0 180.0   5.0 450.0                            LAT/LON1/LON2/DLON/H
  261  237  218  209  214  232  262  296  333  371  408  444  476  504  529  555
  583  614  645  673  695  709  715  720  731  754  791  837  891  953 1025 1103
 1174 1218 1228 1208 1173 1136 1100 1059 1010  957  906  866  836  810  783  758
  739  728  721  710  690  664  640  626  626  635  647  651  642  620  591  561
  531  497  456  411  368  333  307  284  261
    17.5-180.0 180.0   5.0 450.0                            LAT/LON1/LON2/DLON/H
  282  256  234  224  228  246  276  311  347  383  418  453  487  518  547  576
  608  643  679  713  740  756  762  765  774  796  833  878  929  984 1045 1107
 1160 1187 1181 1150 1108 1070 1038 1004  964  918  871  827  785  740  693  652
  629  625  633  639  633  618  602  597  607  628  649  659  653  635  612  591
  569  540  499  451  404  365  335  309  282
    15.0-180.0 180.0   5.0 450.0                            LAT/LON1/LON2/DLON/H
  297  268  245  234  237  256  287  325  362  397  430  463  498  532  564  595
  628  665  706  744  776  795  805  809  819  841  875  917  961 1004 1048 1091
 1121 1130 1111 1073 1030  995  969  945  916  879  835  786  728  660  589  530
  499  502  525  549  559  556  550  555  576  607  633  645  638  621  604  593
  582  562  526  478  430  390  357  327  297
    12.5-180.0 180.0   5.0 450.0                            LAT/LON1/LON2/DLON/H
  304  273  249  237  239  259  293  335  376  411  442  474  509  546  580  612
  645  682  724  765  800  825  840  849  863  885  918  955  989 1019 1044 1065
 1075 1069 1043 1004  964  934  915  901  882  854  814  758  684  593  498  422
  386  395  432  472  496  503  507  521  550  586  613  620  607  586  572  569
  569  559  531  488  442  402  369  336  304
    10.0-180.0 180.0   5.0 450.0                            LAT/LON1/LON2/DLON/H
  303  272  248  235  236  255  291  338  384  422  454  485  520  559  595  628
  659  695  735  778  816  847  868  885  904  929  959  990 1015 1032 1041 1043
 1038 1022  996  963  931  907  893  885  874  852  814  753  666  558  446  360
  322  337  386  437  470  483  491  509  542  577  599  597  572  543  526  527
  536  535  514  478  438  401  369  336  303
     7.5-180.0 180.0   5.0 450.0                            LAT/LON1/LON2/DLON/H
  296  267  244  231  230  246  282  334  386  429  462  494  531  572  610  643
  673  706  745  787  827  862  891  917  942  969  997 1022 1039 1046 1042 1033
 1019 1003  983  961  938  919  908  901  893  875  839  775  681  565  448  360
  327  350  405  461  496  508  514  529  558  588  599  583  544  503  479  480
  492  497  483  453  420  389  360  329  296
     5.0-180.0 180.0   5.0 450.0                            LAT/LON1/LON2/DLON/H
  287  262  243  230  225  237  271  324  382  431  469  503  542  585  625  658
  686  718  755  796  837  875  911  944  975 1003 1028 1047 1058 1059 1049 1034
 1020 1010 1002  993  980  965  952  943  934  916  880  817  725  612  503  426
  403  433  491  544  571  574  570  576  594  612  611  581  529  475  443  438
  448  455  444  421  394  369  344  317  287
     2.5-180.0 180.0   5.0 450.0                            LAT/LON1/LON2/DLON/H
  279  260  247  235  227  233  262  314  376  430  473  511  553  598  639  672
  701  732  769  809  850  890  929  966 1000 1028 1048 1062 1069 1066 1056 1042
 1033 1033 1039 1043 1038 1025 1008  994  981  961  926  867  784  686  597  539
  531  567  621  663  675  662  642  633  636  639  626  585  524  462  421  409
  414  417  407  387  365  346  326  303  279
