COD0OPSRAP_20241860000_01D_01H_GIM.INX
     1.0            IONOSPHERE MAPS     GNSS                IONEX VERSION / TYPE
ADDNEQ2 V5.5        AIUB                05-JUL-24 21:44     PGM / RUN BY / DATE 
CODE'S RAPID IONOSPHERE MAPS FOR DAY 186, 2024              COMMENT             
Global ionosphere maps (GIM) are generated on a daily basis DESCRIPTION         
at CODE using data from about 120 GNSS sites of the IGS and DESCRIPTION         
other institutions. The vertical total electron content     DESCRIPTION         
(VTEC) is modeled in a solar-geomagnetic reference frame    DESCRIPTION         
using a spherical harmonics expansion up to degree and      DESCRIPTION         
order 15. Piece-wise linear functions are used for          DESCRIPTION         
representation in the time domain. The time spacing of      DESCRIPTION         
their vertices is 1 hour, conforming with the epochs of the DESCRIPTION         
VTEC maps.                                                  DESCRIPTION         
To convert line-of-sight TEC into vertical TEC, a modified  DESCRIPTION         
single-layer model mapping function approximating the JPL   DESCRIPTION         
extended slab model mapping function is adopted. The        DESCRIPTION         
mapping function is evaluated at geodetic satellite         DESCRIPTION         
elevation angles. For the computation of the ionospheric    DESCRIPTION         
pierce points, a spherical layer with a radius of 6821 km   DESCRIPTION         
is assumed, implying geocentric, not geodetic IONEX         DESCRIPTION         
latitudes.                                                  DESCRIPTION         
Instrumental biases with respect to each involved GNSS code DESCRIPTION         
observable are estimated as constant values for each        DESCRIPTION         
day. They are modeled with one set of bias parameters for   DESCRIPTION         
each satellite and each station in case of GPS and for each DESCRIPTION         
satellite-station link in case of GLONASS. The code bias    DESCRIPTION         
datum is defined by zero-mean conditions imposed on the     DESCRIPTION         
satellite bias estimates. In this file, just GPS C1W-C2W    DESCRIPTION         
satellite and station bias values are included. The         DESCRIPTION         
complete set of GNSS code bias results is provided in an    DESCRIPTION         
additional Bias-SINEX file as pseudo-absolute values        DESCRIPTION         
specific to each observable.                                DESCRIPTION         
Note: These GIM results correspond to the results for the   DESCRIPTION         
last day of a 3-day combination analysis solving for 73     DESCRIPTION         
times 256, or 18688 VTEC parameters and 3 daily sets of     DESCRIPTION         
GNSS code bias parameters.                                  DESCRIPTION         
Contact address: code(at)aiub.unibe.ch                      DESCRIPTION         
Data archive:    ftp.aiub.unibe.ch/CODE/                    DESCRIPTION         
                 www.aiub.unibe.ch/download/CODE/           DESCRIPTION         
  2024     7     4     0     0     0                        EPOCH OF FIRST MAP  
  2024     7     5     0     0     0                        EPOCH OF LAST MAP   
  3600                                                      INTERVAL            
[...]
    87.5 -87.5  -2.5                                        LAT1 / LAT2 / DLAT  
  -180.0 180.0   5.0                                        LON1 / LON2 / DLON  
    -1                                                      EXPONENT            
TEC/RMS values in 0.1 TECU; 9999, if no value available     COMMENT             
Peak TEC values for the included maps:                      COMMENT             
 745  743  743  749  778  842  851  821  828  813  770  728 COMMENT             
 772  789  808  809  799  806  800  758  700  722  742  764 COMMENT             
 774                                                        COMMENT             
List of stations:                                           COMMENT             
adis albh alic amu2 areq ascg aspa auck bake bjfs bogo bor1 COMMENT             
braz brft brst brux cas1 ccj2 cedu chti chur cord cpvg cro1 COMMENT             
darw dav1 dgar dubo faa1 fair flin flrs frdn func ganp glps COMMENT             
gode gope gras graz guam hers hert hnpt hob2 hofn hrao iisc COMMENT             
ineg invk iqal joz2 jplm kerg kir0 kit3 kokv kour lpal lpgs COMMENT             
mac1 mal2 mas1 mat1 mate maw1 mcm4 mizu mkea mobs mtka nano COMMENT             
nklg nnor ntus nya1 onsa opmt park pdel pert pimo pots qaq1 COMMENT             
rabt ramo reun reyk rio2 sant sch2 sofi sthl stjo str2 suth COMMENT             
sydn syog tabv tash thti tid1 tn22 tow2 ulab unb3 unbj unsa COMMENT             
urum usud vald whit wind wtzz xmis yarr yel2 ykro zim2 zimm COMMENT             
                                                            END OF HEADER       
[from data line 2145]
     6                                                      START OF TEC MAP    
  2024     7     4     5     0     0                        EPOCH OF CURRENT MAP
    87.5-180.0 180.0   5.0 450.0                            LAT/LON1/LON2/DLON/H
  256  258  260  262  264  266  268  270  271  273  274  276  277  278  279  280
  280  280  280  280  280  279  279  278  276  275  274  272  271  269  267  266
  264  262  260  258  257  255  253  252  250  249  247  246  245  243  242  241
  241  240  239  239  238  238  238  238  238  238  238  239  239  240  241  242
  243  245  246  247  249  251  252  254  256
    85.0-180.0 180.0   5.0 450.0                            LAT/LON1/LON2/DLON/H
  247  251  254  258  261  265  268  272  275  278  281  284  287  289  291  292
  293  293  293  293  292  290  288  286  283  280  277  274  271  267  264  260
  257  254  251  248  246  243  241  239  237  235  233  231  230  228  227  226
  224  223  223  222  221  221  221  221  221  221  221  222  223  224  225  226
  228  230  231  234  236  239  241  244  247
    82.5-180.0 180.0   5.0 450.0                            LAT/LON1/LON2/DLON/H
  238  241  245  249  253  258  262  266  271  275  279  283  286  290  292  295
  296  297  297  296  294  291  288  284  279  274  269  264  258  253  249  245
  241  237  235  232  230  228  227  226  225  223  222  221  220  220  219  218
  217  217  216  216  216  216  216  216  216  216  217  217  218  218  219  220
  221  222  223  225  227  229  232  235  238
    80.0-180.0 180.0   5.0 450.0                            LAT/LON1/LON2/DLON/H
  231  234  237  240  244  247  251  255  259  263  268  272  276  281  284  287
  290  291  291  290  288  284  279  273  266  259  251  244  237  231  226  221
  218  216  214  214  214  214  215  216  217  218  219  220  220  221  221  221
  222  223  223  224  225  226  226  227  228  228  229  229  229  228  228  227
  226  225  225  225  225  226  227  229  231
    77.5-180.0 180.0   5.0 450.0                            LAT/LON1/LON2/DLON/H
  230  231  232  233  235  237  239  242  244  247  251  255  259  264  269  273
  277  279  280  279  276  272  265  257  248  239  229  220  212  205  200  197
  195  195  196  199  202  206  210  214  218  222  225  228  230  233  235  237
  239  241  244  246  248  251  253  255  256  257  257  257  256  254  251  248
  245  242  238  235  233  231  230  229  230
    75.0-180.0 180.0   5.0 450.0                            LAT/LON1/LON2/DLON/H
  234  233  232  232  231  231  230  230  230  230  232  235  239  244  249  255
  260  264  266  266  263  258  250  241  230  219  208  198  189  183  178  177
  177  180  185  191  199  206  214  222  228  235  240  245  250  254  258  262
  266  270  275  279  283  286  290  292  295  296  297  296  294  291  286  280
  274  267  260  253  247  242  238  235  234
    72.5-180.0 180.0   5.0 450.0                            LAT/LON1/LON2/DLON/H
  242  239  237  235  232  229  226  222  219  217  216  217  219  224  229  236
  242  248  251  252  250  245  237  227  216  203  192  182  174  168  166  167
  170  176  185  195  205  217  228  238  247  256  263  270  276  282  288  293
  299  304  310  315  320  325  329  333  335  337  338  337  334  329  323  315
  305  295  284  274  264  256  250  245  242
    70.0-180.0 180.0   5.0 450.0                            LAT/LON1/LON2/DLON/H
  251  248  246  243  239  234  228  221  215  209  205  203  204  207  213  219
  227  233  238  240  239  234  226  216  205  193  183  174  167  164  165  168
  175  184  195  208  222  235  249  261  272  282  290  298  305  311  318  324
  331  337  343  348  354  358  362  366  368  370  371  370  367  362  354  344
  332  319  305  292  280  269  261  256  251
    67.5-180.0 180.0   5.0 450.0                            LAT/LON1/LON2/DLON/H
  260  258  255  252  248  241  234  225  216  207  201  196  195  196  200  206
  213  220  225  228  227  223  216  207  198  188  179  173  170  170  173  179
  189  200  214  229  244  259  274  287  298  308  317  324  331  338  345  351
  357  363  369  373  377  380  383  385  387  388  389  388  385  380  372  362
  349  334  319  304  290  279  270  264  260
    65.0-180.0 180.0   5.0 450.0                            LAT/LON1/LON2/DLON/H
  267  265  264  261  257  250  242  232  221  211  202  195  191  190  192  196
  202  207  212  214  214  211  205  198  191  184  179  177  177  181  187  196
  208  221  236  252  268  284  298  312  323  332  340  347  353  359  365  371
  376  381  384  387  388  388  388  388  389  389  389  388  386  382  375  366
  354  339  324  309  295  283  275  270  267
    62.5-180.0 180.0   5.0 450.0                            LAT/LON1/LON2/DLON/H
  271  271  271  269  265  258  250  240  229  218  207  198  192  188  187  188
  192  195  198  200  199  197  193  188  184  181  179  181  185  192  202  213
  226  241  256  272  288  304  319  332  343  352  359  364  369  374  379  384
  387  390  391  390  388  385  382  379  377  376  376  375  374  371  366  358
  348  336  322  308  295  285  277  273  271
    60.0-180.0 180.0   5.0 450.0                            LAT/LON1/LON2/DLON/H
  275  276  276  274  270  264  256  246  236  225  214  204  195  189  185  183
  183  184  185  185  184  182  180  177  176  176  179  184  191  201  212  225
  239  254  269  285  302  318  334  347  358  366  372  376  381  384  388  391
  393  393  392  388  383  376  370  365  360  358  356  355  354  352  349  344
  337  328  317  306  295  286  279  276  275
    57.5-180.0 180.0   5.0 450.0                            LAT/LON1/LON2/DLON/H
  281  281  281  279  274  268  260  252  243  233  222  211  200  192  185  181
  178  176  175  173  171  169  168  168  169  172  177  184  193  204  216  229
  243  258  274  290  308  325  342  356  367  375  381  385  389  392  394  396
  397  396  392  386  378  369  361  353  347  342  339  337  336  334  333  330
  326  321  314  306  297  290  284  281  281
    55.0-180.0 180.0   5.0 450.0                            LAT/LON1/LON2/DLON/H
  289  289  287  284  279  272  264  257  249  240  229  217  206  195  187  182
  177  174  170  166  163  161  161  163  166  170  175  182  190  201  212  225
  239  253  269  287  306  325  344  360  373  382  388  393  396  399  402  403
  403  401  397  390  381  371  360  351  343  336  331  328  325  324  322  321
  320  318  315  311  305  298  293  290  289
    52.5-180.0 180.0   5.0 450.0                            LAT/LON1/LON2/DLON/H
  301  299  296  292  285  277  270  263  256  248  237  224  212  201  192  187
  182  177  172  167  163  161  162  164  168  172  176  180  186  194  204  215
  228  242  258  277  298  321  342  361  376  387  395  401  405  409  412  414
  415  413  409  402  393  383  372  362  352  344  337  331  326  323  321  321
  321  323  323  322  318  312  307  303  301
    50.0-180.0 180.0   5.0 450.0                            LAT/LON1/LON2/DLON/H
  315  312  308  302  295  286  279  273  267  258  246  232  218  207  200  196
  192  188  182  176  171  169  170  172  175  178  180  181  183  187  194  203
  214  228  245  265  288  314  339  362  380  393  403  411  417  422  426  430
  432  432  429  424  416  406  395  383  373  362  353  345  338  332  329  328
  329  332  336  337  334  329  323  318  315
    47.5-180.0 180.0   5.0 450.0                            LAT/LON1/LON2/DLON/H
  330  327  323  316  308  299  292  287  281  271  258  241  226  215  209  208
  207  204  198  191  186  183  184  186  188  189  188  186  183  184  187  193
  203  215  232  253  279  307  336  362  384  400  413  423  431  438  444  449
  453  456  455  452  445  435  424  412  399  387  376  365  356  348  343  340
  341  346  351  353  352  347  340  334  330
    45.0-180.0 180.0   5.0 450.0                            LAT/LON1/LON2/DLON/H
  345  342  339  333  325  317  310  305  299  288  271  252  235  224  220  221
  223  222  216  210  204  201  201  203  204  203  200  194  189  185  185  189
  197  208  223  244  271  302  334  364  388  408  423  435  445  454  462  469
  476  481  483  481  475  466  454  441  427  413  400  388  377  368  360  356
  356  360  366  369  369  363  356  349  345
    42.5-180.0 180.0   5.0 450.0                            LAT/LON1/LON2/DLON/H
  360  358  356  351  344  336  331  326  319  306  286  264  244  232  230  233
  237  238  233  227  221  219  219  221  221  219  214  207  199  193  191  193
  198  206  220  239  266  298  333  365  392  414  432  446  458  468  478  486
  495  503  507  507  502  492  481  467  452  437  422  409  398  388  380  374
  372  374  380  384  384  378  370  363  360
    40.0-180.0 180.0   5.0 450.0                            LAT/LON1/LON2/DLON/H
  376  376  375  371  365  358  353  348  340  325  302  276  253  240  238  243
  248  249  246  241  237  236  237  238  238  235  229  222  214  208  204  204
  206  212  222  238  264  296  331  365  394  418  437  453  467  478  488  498
  509  518  525  526  522  513  502  488  474  458  443  430  420  411  402  395
  390  391  394  398  398  393  385  379  376
    37.5-180.0 180.0   5.0 450.0                            LAT/LON1/LON2/DLON/H
  397  398  398  394  388  381  375  370  360  343  317  288  263  248  245  248
  253  254  253  251  251  253  256  258  256  252  247  240  233  227  223  220
  220  222  227  240  263  293  329  363  393  418  438  455  469  480  490  501
  514  525  534  537  534  527  518  507  494  480  466  454  445  438  430  421
  414  411  412  414  414  409  403  398  397
    35.0-180.0 180.0   5.0 450.0                            LAT/LON1/LON2/DLON/H
  423  425  425  421  414  406  398  391  379  360  332  301  274  257  250  251
  254  255  256  259  265  273  279  281  278  272  266  260  254  248  243  239
  236  234  235  243  262  290  324  357  387  412  433  450  464  475  485  497
  510  524  535  540  540  537  533  527  519  507  495  485  478  472  465  456
  445  438  436  436  435  431  426  423  423
    32.5-180.0 180.0   5.0 450.0                            LAT/LON1/LON2/DLON/H
  457  459  458  453  444  434  423  412  398  376  348  316  288  268  258  255
  255  255  259  268  283  299  309  311  305  296  287  281  275  269  263  257
  251  245  242  245  259  284  315  348  377  402  422  439  453  464  474  486
  501  516  529  538  542  546  549  551  549  542  532  524  519  515  509  499
  486  474  467  464  462  459  457  456  457
    30.0-180.0 180.0   5.0 450.0                            LAT/LON1/LON2/DLON/H
  496  498  496  490  479  466  451  436  417  394  366  335  306  284  270  262
  259  259  267  283  307  332  347  349  339  324  311  302  294  286  278  270
  261  253  245  244  254  275  303  334  363  387  407  424  437  448  459  472
  488  505  520  532  543  554  567  579  586  584  577  570  566  564  560  549
  534  518  506  499  495  493  492  494  496
    27.5-180.0 180.0   5.0 450.0                            LAT/LON1/LON2/DLON/H
  538  540  538  530  518  503  484  462  439  414  387  358  330  307  289  277
  271  271  282  305  339  371  391  392  377  355  335  320  308  296  285  274
  264  253  244  239  244  261  288  317  345  369  390  407  421  432  444  458
  475  493  511  527  543  563  586  608  623  627  622  617  614  614  611  601
  584  565  548  537  531  529  530  534  538
    25.0-180.0 180.0   5.0 450.0                            LAT/LON1/LON2/DLON/H
  576  579  577  571  559  542  519  492  464  437  412  386  360  336  316  301
  293  293  306  334  374  413  436  436  414  383  354  332  314  298  283  269
  258  246  236  229  231  244  268  297  325  351  373  391  406  419  432  447
  465  484  503  522  543  570  601  631  652  661  660  656  654  656  656  647
  630  609  589  574  566  563  566  571  576
    22.5-180.0 180.0   5.0 450.0                            LAT/LON1/LON2/DLON/H
  607  611  611  606  596  579  553  522  490  462  438  416  394  371  350  334
  324  324  338  368  410  451  474  471  443  403  365  335  311  289  270  255
  243  232  221  213  213  224  246  275  305  334  358  378  395  410  425  442
  460  479  498  518  542  572  607  641  667  680  681  679  680  684  687  682
  667  646  625  607  596  592  595  601  607
    20.0-180.0 180.0   5.0 450.0                            LAT/LON1/LON2/DLON/H
  628  632  634  632  625  609  582  547  512  483  462  444  425  405  386  372
  363  362  374  400  438  476  497  489  456  409  363  326  297  271  249  232
  220  211  202  193  191  200  222  252  286  319  347  370  389  407  424  442
  460  478  496  516  540  569  604  637  663  677  681  682  686  694  701  701
  691  673  652  633  619  614  615  621  628
    17.5-180.0 180.0   5.0 450.0                            LAT/LON1/LON2/DLON/H
  638  642  645  646  642  628  600  563  526  497  478  464  450  434  419  408
  402  402  409  426  454  483  497  485  447  396  346  305  273  245  221  204
  193  186  179  171  168  176  198  231  269  307  340  367  389  409  428  448
  466  483  499  517  538  563  592  620  642  656  663  668  677  689  701  706
  702  689  671  652  637  629  629  633  638
    15.0-180.0 180.0   5.0 450.0                            LAT/LON1/LON2/DLON/H
  642  644  646  648  645  631  603  565  528  500  483  472  462  451  442  437
  436  436  436  442  455  469  474  457  417  365  315  274  242  214  191  175
  166  162  156  149  145  153  175  211  255  298  336  366  391  413  435  456
  475  491  506  521  538  557  578  597  614  626  636  645  659  676  692  702
  704  698  684  668  652  642  638  639  642
    12.5-180.0 180.0   5.0 450.0                            LAT/LON1/LON2/DLON/H
  644  642  641  641  636  621  591  553  515  488  473  464  457  452  450  454
  458  459  453  444  439  437  431  409  369  320  274  237  208  184  164  150
  143  140  136  129  125  132  154  193  242  291  334  367  393  417  441  465
  486  503  518  532  546  559  570  581  591  601  613  628  646  666  684  698
  704  704  697  684  668  656  649  645  644
    10.0-180.0 180.0   5.0 450.0                            LAT/LON1/LON2/DLON/H
  649  642  636  630  620  600  568  529  492  465  449  441  437  437  442  453
  465  467  455  433  411  392  374  349  312  269  230  200  178  159  142  131
  125  123  120  114  109  115  137  177  229  283  330  365  393  418  445  472
  496  517  534  549  562  572  577  581  587  596  609  627  647  668  686  699
  708  712  710  702  688  675  664  656  649
     7.5-180.0 180.0   5.0 450.0                            LAT/LON1/LON2/DLON/H
  660  648  635  622  604  577  541  500  462  435  418  409  406  409  420  437
  454  458  443  412  375  342  315  287  255  220  190  169  155  142  129  120
  115  113  110  103   98  102  123  163  216  273  322  360  388  415  444  475
  505  531  554  573  589  599  604  606  610  618  632  650  670  687  700  709
  717  723  726  722  711  697  684  672  660
     5.0-180.0 180.0   5.0 450.0                            LAT/LON1/LON2/DLON/H
  677  660  642  620  593  559  518  475  436  407  387  375  370  374  388  410
  430  436  419  382  337  295  262  234  207  182  161  149  141  133  124  116
  112  109  105   98   91   93  112  150  202  259  310  348  378  405  437  474
  511  544  574  599  621  637  647  653  659  667  680  696  711  722  726  727
  730  735  740  740  733  720  706  692  677
     2.5-180.0 180.0   5.0 450.0                            LAT/LON1/LON2/DLON/H
  694  676  654  627  593  552  507  462  423  390  366  349  341  343  357  377
  396  402  387  349  301  256  221  196  175  158  146  140  137  133  126  118
  113  109  104   95   87   88  103  137  186  242  293  332  362  391  426  467
  511  553  590  623  652  678  697  712  723  733  744  754  761  761  754  745
  740  742  747  750  746  736  723  710  694
