COD0OPSRAP_20241900000_01D_01H_GIM.INX
     1.0            IONOSPHERE MAPS     GNSS                IONEX VERSION / TYPE
ADDNEQ2 V5.5        AIUB                09-JUL-24 08:04     PGM / RUN BY / DATE 
CODE'S RAPID IONOSPHERE MAPS FOR DAY 190, 2024              COMMENT             
Global ionosphere maps (GIM) are generated on a daily basis DESCRIPTION         
at CODE using data from about 120 GNSS sites of the IGS and DESCRIPTION         
other institutions. The vertical total electron content     DESCRIPTION         
(VTEC) is modeled in a solar-geomagnetic reference frame    DESCRIPTION         
using a spherical harmonics expansion up to degree and      DESCRIPTION         
order 15. Piece-wise linear functions are used for          DESCRIPTION         
representation in the time domain. The time spacing of      DESCRIPTION         
their vertices is 1 hour, conforming with the epochs of the DESCRIPTION         
VTEC maps.                                                  DESCRIPTION         
To convert line-of-sight TEC into vertical TEC, a modified  DESCRIPTION         
single-layer model mapping function approximating the JPL   DESCRIPTION         
extended slab model mapping function is adopted. The        DESCRIPTION         
mapping function is evaluated at geodetic satellite         DESCRIPTION         
elevation angles. For the computation of the ionospheric    DESCRIPTION         
pierce points, a spherical layer with a radius of 6821 km   DESCRIPTION         
is assumed, implying geocentric, not geodetic IONEX         DESCRIPTION         
latitudes.                                                  DESCRIPTION         
Instrumental biases with respect to each involved GNSS code DESCRIPTION         
observable are estimated as constant values for each        DESCRIPTION         
day. They are modeled with one set of bias parameters for   DESCRIPTION         
each satellite and each station in case of GPS and for each DESCRIPTION         
satellite-station link in case of GLONASS. The code bias    DESCRIPTION         
datum is defined by zero-mean conditions imposed on the     DESCRIPTION         
satellite bias estimates. In this file, just GPS C1W-C2W    DESCRIPTION         
satellite and station bias values are included. The         DESCRIPTION         
complete set of GNSS code bias results is provided in an    DESCRIPTION         
additional Bias-SINEX file as pseudo-absolute values        DESCRIPTION         
specific to each observable.                                DESCRIPTION         
Note: These GIM results correspond to the results for the   DESCRIPTION         
last day of a 3-day combination analysis solving for 73     DESCRIPTION         
times 256, or 18688 VTEC parameters and 3 daily sets of     DESCRIPTION         
GNSS code bias parameters.                                  DESCRIPTION         
Contact address: code(at)aiub.unibe.ch                      DESCRIPTION         
Data archive:    ftp.aiub.unibe.ch/CODE/                    DESCRIPTION         
                 www.aiub.unibe.ch/download/CODE/           DESCRIPTION         
  2024     7     8     0     0     0                        EPOCH OF FIRST MAP  
  2024     7     9     0     0     0                        EPOCH OF LAST MAP   
  3600                                                      INTERVAL            
[...]
    87.5 -87.5  -2.5                                        LAT1 / LAT2 / DLAT  
  -180.0 180.0   5.0                                        LON1 / LON2 / DLON  
    -1                                                      EXPONENT            
TEC/RMS values in 0.1 TECU; 9999, if no value available     COMMENT             
Peak TEC values for the included maps:                      COMMENT             
 770  799  825  822  868  884  877  846  823  793  762  740 COMMENT             
 717  723  758  809  824  801  761  771  789  788  797  806 COMMENT             
 817                                                        COMMENT             
List of stations:                                           COMMENT             
adis albh algo alic amu2 areq ascg aspa auck bake bogo bor1 COMMENT             
braz brft brst brux cas1 ccj2 cedu chti chur cord cpvg cro1 COMMENT             
darw dav1 dgar dubo faa1 fair flin flrs frdn func ganp glps COMMENT             
glsv gode gope gras graz guam hers hert hnpt hob2 hofn hrao COMMENT             
iisc ineg invk iqal joz2 jplm karr kerg kir0 kit3 kokv kour COMMENT             
lpal lpgs mac1 mal2 mas1 mat1 mate maw1 mcm4 mizu mkea mobs COMMENT             
mtka nano nklg nnor ntus nya1 onsa park pdel pert pimo pots COMMENT             
qaq1 rabt reun reyk rio2 sant sch2 scub sofi sthl stjo str2 COMMENT             
suth sydn syog tabv tash thti tid1 tow2 ulab unb3 unbj unsa COMMENT             
urum usud vald whit wind wtzz xmis yarr yel2 ykro zim2 zimm COMMENT             
                                                            END OF HEADER       
[from data line 2145]
     6                                                      START OF TEC MAP    
  2024     7     8     5     0     0                        EPOCH OF CURRENT MAP
    87.5-180.0 180.0   5.0 450.0                            LAT/LON1/LON2/DLON/H
  221  223  225  227  229  231  233  235  237  239  241  242  244  246  247  248
  249  250  251  251  251  251  251  250  249  248  247  245  244  242  240  239
  237  235  233  231  229  227  225  224  222  220  219  217  216  215  213  212
  211  211  210  209  209  208  208  208  208  208  208  208  209  209  210  211
  211  212  213  214  215  217  218  220  221
    85.0-180.0 180.0   5.0 450.0                            LAT/LON1/LON2/DLON/H
  213  216  218  221  224  228  232  235  239  243  247  251  255  259  262  265
  267  269  270  271  271  270  269  267  265  262  259  256  252  248  244  241
  237  233  230  227  224  221  218  215  213  211  209  207  205  203  202  201
  200  199  198  198  197  197  197  198  198  198  199  199  200  200  201  202
  202  203  204  205  206  208  209  211  213
    82.5-180.0 180.0   5.0 450.0                            LAT/LON1/LON2/DLON/H
  208  209  211  214  217  221  225  230  235  240  246  252  257  263  268  272
  276  279  281  282  281  280  277  274  270  265  259  253  247  242  236  231
  226  222  218  215  212  210  208  206  204  203  201  200  199  198  197  197
  196  196  196  196  197  198  199  200  202  203  204  205  206  206  206  206
  206  206  206  205  205  205  206  206  208
    80.0-180.0 180.0   5.0 450.0                            LAT/LON1/LON2/DLON/H
  207  207  207  208  210  213  217  221  226  231  237  244  250  257  263  269
  274  278  281  282  281  278  274  269  262  254  246  238  230  223  216  211
  206  203  200  199  198  198  198  198  199  199  200  200  200  200  201  201
  201  202  204  206  208  211  213  216  219  222  224  226  227  227  227  225
  224  221  219  216  214  211  209  208  207
    77.5-180.0 180.0   5.0 450.0                            LAT/LON1/LON2/DLON/H
  212  210  208  207  207  208  209  211  214  218  223  229  235  242  250  256
  263  267  270  271  270  266  261  253  244  234  223  213  204  196  190  185
  182  180  181  182  185  188  192  196  199  202  205  207  209  210  211  213
  214  216  219  222  227  232  237  242  247  252  255  258  259  259  257  254
  250  245  240  235  229  224  219  216  212
    75.0-180.0 180.0   5.0 450.0                            LAT/LON1/LON2/DLON/H
  222  218  215  212  210  208  207  206  206  207  209  212  217  223  230  237
  243  249  253  254  252  248  240  231  220  208  196  185  176  168  163  160
  160  162  166  171  177  184  192  199  206  212  217  220  223  225  227  229
  231  234  238  243  249  256  263  271  278  284  289  292  293  292  289  285
  278  271  263  255  247  239  233  227  222
    72.5-180.0 180.0   5.0 450.0                            LAT/LON1/LON2/DLON/H
  232  228  224  221  217  214  210  207  203  200  198  198  200  204  209  215
  222  227  231  233  231  226  218  208  196  184  171  161  152  147  144  144
  147  152  159  168  178  188  198  208  217  225  232  236  240  242  244  246
  248  251  256  262  269  278  287  296  305  312  317  320  321  319  315  308
  300  291  281  271  261  252  244  238  232
    70.0-180.0 180.0   5.0 450.0                            LAT/LON1/LON2/DLON/H
  240  236  234  231  228  224  219  213  207  200  194  190  188  188  191  196
  201  207  211  212  211  206  198  188  176  164  153  144  138  135  136  139
  145  154  164  175  186  198  210  221  232  240  247  252  256  258  259  260
  262  265  270  277  285  294  304  313  322  328  333  336  335  332  327  319
  310  300  289  278  267  258  250  244  240
    67.5-180.0 180.0   5.0 450.0                            LAT/LON1/LON2/DLON/H
  242  240  240  239  238  235  231  224  216  206  197  189  183  179  179  181
  185  189  193  194  193  189  182  173  162  152  144  138  135  135  139  146
  155  165  177  189  201  213  225  236  246  254  261  266  268  270  270  271
  272  275  280  287  294  303  312  320  327  332  335  336  334  330  324  317
  307  297  287  276  266  258  251  245  242
    65.0-180.0 180.0   5.0 450.0                            LAT/LON1/LON2/DLON/H
  240  239  241  242  243  243  240  234  226  215  204  193  183  177  173  173
  174  177  179  180  179  176  170  163  155  148  142  139  140  144  151  160
  171  183  195  207  218  229  239  249  258  266  271  275  277  277  277  277
  279  282  287  293  300  307  313  318  322  324  324  323  320  316  311  304
  296  288  279  270  261  253  247  242  240
    62.5-180.0 180.0   5.0 450.0                            LAT/LON1/LON2/DLON/H
  235  235  237  240  242  244  244  240  233  223  212  200  188  179  173  169
  168  169  169  170  169  166  162  157  152  148  146  147  150  157  166  178
  190  202  213  224  234  243  251  259  267  273  278  281  282  282  282  282
  284  288  293  299  305  309  312  313  312  310  307  304  300  297  293  289
  284  279  273  265  258  250  243  238  235
    60.0-180.0 180.0   5.0 450.0                            LAT/LON1/LON2/DLON/H
  234  231  232  234  237  239  240  239  235  227  217  206  194  184  176  170
  167  165  163  162  161  159  158  155  153  152  153  156  162  170  181  192
  204  216  227  237  245  253  259  266  272  278  282  285  286  286  286  287
  291  296  302  308  313  314  313  309  304  298  292  287  283  281  280  279
  278  277  274  268  261  253  245  238  234
    57.5-180.0 180.0   5.0 450.0                            LAT/LON1/LON2/DLON/H
  238  232  229  228  229  231  232  233  231  227  219  210  199  189  181  174
  168  164  160  158  157  156  156  157  157  158  161  165  172  180  190  201
  212  223  234  243  250  257  263  269  275  280  285  288  290  291  292  295
  301  308  316  323  326  325  320  311  302  293  285  279  276  275  276  279
  282  285  285  281  275  266  256  246  238
    55.0-180.0 180.0   5.0 450.0                            LAT/LON1/LON2/DLON/H
  251  242  234  228  225  223  223  224  224  222  218  211  203  194  186  179
  172  166  162  158  157  157  159  161  164  167  170  174  179  186  194  203
  213  223  233  242  250  257  263  269  276  282  288  293  296  299  302  308
  316  326  335  342  345  342  333  322  310  299  290  284  281  281  284  290
  296  301  304  302  296  286  275  263  251
    52.5-180.0 180.0   5.0 450.0                            LAT/LON1/LON2/DLON/H
  273  260  248  237  228  222  219  219  219  219  217  212  206  199  192  185
  179  173  167  163  162  163  166  170  174  177  180  183  186  190  195  202
  209  217  227  236  245  253  260  268  276  284  293  300  306  311  317  326
  336  348  359  367  368  364  354  341  328  317  308  302  299  298  301  307
  314  321  325  324  319  310  298  286  273
    50.0-180.0 180.0   5.0 450.0                            LAT/LON1/LON2/DLON/H
  299  286  271  256  241  230  224  221  221  221  219  216  210  205  199  194
  189  183  177  173  172  174  179  184  188  191  192  193  193  195  196  199
  203  210  218  228  238  247  256  266  277  288  299  310  319  328  337  347
  360  373  385  393  394  389  379  367  354  343  335  328  324  322  322  326
  331  337  341  341  337  330  321  311  299
    47.5-180.0 180.0   5.0 450.0                            LAT/LON1/LON2/DLON/H
  325  314  299  282  264  249  239  234  232  231  229  225  219  213  208  205
  201  196  191  188  187  191  196  202  206  207  206  205  203  201  200  199
  200  204  211  221  231  242  253  265  279  294  308  323  335  347  359  372
  386  400  411  419  420  415  406  396  385  376  368  360  353  347  342  341
  342  345  347  347  345  342  337  332  325
    45.0-180.0 180.0   5.0 450.0                            LAT/LON1/LON2/DLON/H
  346  340  328  311  292  275  263  256  253  250  246  239  231  224  219  216
  214  210  207  204  205  209  216  221  224  224  222  219  215  211  207  203
  201  203  208  216  226  238  251  267  283  301  319  337  353  368  383  397
  411  424  436  442  444  441  434  427  419  412  404  394  383  371  360  352
  347  345  344  343  342  343  345  347  346
    42.5-180.0 180.0   5.0 450.0                            LAT/LON1/LON2/DLON/H
  362  361  353  338  321  305  293  285  280  275  268  258  247  237  230  227
  225  224  222  220  222  227  234  240  243  242  238  234  229  224  217  211
  206  205  209  215  225  237  252  270  289  310  331  352  371  389  405  419
  433  446  456  463  466  466  463  459  455  449  441  430  415  397  380  364
  352  343  338  334  334  339  347  356  362
    40.0-180.0 180.0   5.0 450.0                            LAT/LON1/LON2/DLON/H
  374  377  372  361  347  334  323  316  309  302  292  278  263  249  240  235
  234  234  233  232  235  242  250  257  259  257  253  248  243  237  229  221
  214  212  213  217  226  238  255  275  297  320  343  365  387  406  423  438
  451  463  474  482  487  491  493  494  493  489  480  468  451  430  407  386
  367  352  340  333  332  338  350  364  374
    37.5-180.0 180.0   5.0 450.0                            LAT/LON1/LON2/DLON/H
  387  390  386  377  367  358  350  342  335  325  311  295  276  259  247  240
  238  238  238  239  243  252  262  269  272  270  265  260  255  248  240  230
  223  219  218  221  229  241  260  282  306  330  353  376  399  419  437  451
  464  476  487  498  507  517  525  531  533  531  523  511  494  474  450  426
  403  382  364  352  347  352  363  377  387
    35.0-180.0 180.0   5.0 450.0                            LAT/LON1/LON2/DLON/H
  408  406  399  392  384  378  371  363  353  340  325  306  285  266  251  243
  239  238  239  241  247  258  270  280  283  281  275  269  264  256  247  237
  229  224  223  225  232  245  265  289  315  338  361  383  406  427  444  458
  470  483  497  511  527  543  558  569  575  574  569  560  548  532  512  489
  465  440  416  398  389  389  396  404  408
    32.5-180.0 180.0   5.0 450.0                            LAT/LON1/LON2/DLON/H
  441  430  418  409  402  396  389  378  364  348  331  312  291  272  255  244
  239  237  237  241  249  262  278  290  294  291  284  276  269  259  248  238
  230  226  225  227  233  246  268  294  320  343  364  385  407  428  444  457
  470  484  502  522  544  567  589  605  614  616  615  613  609  603  591  573
  551  525  498  474  458  451  450  448  441
    30.0-180.0 180.0   5.0 450.0                            LAT/LON1/LON2/DLON/H
  489  466  446  433  425  418  407  391  371  352  333  315  297  279  262  249
  241  238  238  242  253  269  288  302  306  302  292  281  270  258  245  233
  226  223  223  225  231  244  267  295  322  344  362  382  404  424  439  452
  464  481  502  528  556  585  613  634  647  652  656  662  670  676  675  666
  649  625  597  570  549  535  523  509  489
    27.5-180.0 180.0   5.0 450.0                            LAT/LON1/LON2/DLON/H
  546  512  485  468  457  445  428  405  379  356  337  321  307  291  275  260
  250  245  244  250  262  282  303  318  321  314  300  285  269  253  237  224
  217  215  216  218  224  238  262  291  318  339  356  375  396  416  431  442
  455  473  498  527  560  593  625  650  666  675  685  701  720  739  750  752
  742  723  697  669  646  626  606  579  546
    25.0-180.0 180.0   5.0 450.0                            LAT/LON1/LON2/DLON/H
  605  563  532  512  497  480  455  424  393  366  347  334  323  311  296  281
  269  261  260  265  279  301  323  337  338  326  306  285  265  244  225  210
  203  203  205  207  212  226  250  280  308  329  346  366  388  408  422  432
  444  464  490  521  555  590  623  650  668  681  696  720  749  778  800  811
  810  799  778  753  731  709  684  648  605
    22.5-180.0 180.0   5.0 450.0                            LAT/LON1/LON2/DLON/H
  656  612  579  558  541  517  485  448  412  384  365  354  347  339  326  311
  297  288  284  289  303  324  345  357  353  335  309  282  257  232  211  194
  187  187  189  191  195  209  233  264  293  316  335  356  380  400  414  423
  435  455  481  511  542  575  607  634  652  667  686  715  750  785  813  831
  839  836  823  806  788  769  743  703  656
    20.0-180.0 180.0   5.0 450.0                            LAT/LON1/LON2/DLON/H
  690  649  620  601  580  550  512  472  436  408  391  382  376  370  360  346
  331  320  315  318  330  348  366  372  362  337  305  273  244  217  194  177
  169  169  171  173  176  188  213  245  276  301  323  348  374  396  409  418
  430  449  474  500  526  554  582  607  624  639  659  688  724  758  787  810
  824  829  826  818  809  797  774  736  690
    17.5-180.0 180.0   5.0 450.0                            LAT/LON1/LON2/DLON/H
  703  669  647  630  607  572  530  490  457  434  418  409  404  399  391  379
  366  354  347  347  355  368  378  377  360  329  292  257  226  200  176  159
  151  151  153  154  156  167  191  225  259  288  314  342  370  393  408  417
  429  449  471  493  513  534  557  578  592  605  622  648  679  709  734  756
  775  787  793  795  796  792  775  743  703
    15.0-180.0 180.0   5.0 450.0                            LAT/LON1/LON2/DLON/H
  697  672  658  644  617  577  533  496  471  453  439  428  422  417  412  404
  393  383  374  369  371  376  379  370  345  309  269  234  205  180  159  143
  135  134  136  136  138  148  172  207  244  277  307  338  368  392  408  419
  434  454  475  493  508  523  541  557  568  575  588  607  631  652  671  691
  710  728  740  750  760  764  754  729  697
    12.5-180.0 180.0   5.0 450.0                            LAT/LON1/LON2/DLON/H
  679  663  655  642  611  564  519  487  470  458  445  432  423  418  417  414
  408  400  390  381  375  371  365  348  318  279  240  207  181  160  142  128
  122  121  122  123  124  133  156  192  232  269  303  334  364  389  407  422
  441  464  486  503  514  527  541  553  559  561  568  581  596  609  621  636
  655  673  688  702  718  728  724  704  679
    10.0-180.0 180.0   5.0 450.0                            LAT/LON1/LON2/DLON/H
  662  651  647  632  593  540  492  465  455  448  435  417  404  400  403  406
  407  402  392  379  365  353  337  314  282  244  208  179  159  143  129  118
  112  112  113  114  115  123  146  181  223  263  298  329  358  383  403  423
  447  475  501  519  533  546  560  569  571  569  570  578  588  595  603  614
  630  645  657  671  687  700  698  681  662
     7.5-180.0 180.0   5.0 450.0                            LAT/LON1/LON2/DLON/H
  653  646  642  622  576  514  463  438  431  426  409  386  369  366  373  384
  392  391  381  364  344  324  302  275  243  208  178  156  141  130  120  113
  108  108  109  110  110  117  138  173  216  257  291  320  346  370  392  418
  448  483  514  539  558  577  593  601  601  596  596  602  611  618  624  634
  645  654  659  667  680  690  687  671  653
     5.0-180.0 180.0   5.0 450.0                            LAT/LON1/LON2/DLON/H
  660  653  648  624  569  499  443  416  409  399  376  347  327  324  336  353
  366  370  360  340  315  289  263  236  207  178  156  140  130  123  117  112
  109  109  110  110  109  114  133  166  207  247  280  306  328  351  376  406
  442  482  521  554  583  609  630  641  640  635  636  647  660  672  681  691
  697  697  691  690  696  702  696  678  660
     2.5-180.0 180.0   5.0 450.0                            LAT/LON1/LON2/DLON/H
  680  674  668  641  581  506  444  412  398  380  349  313  290  288  302  323
  339  344  334  313  285  256  229  203  179  158  142  132  127  122  119  116
  113  113  113  111  109  112  127  156  195  233  263  286  305  327  353  386
  427  471  515  557  596  632  660  674  674  673  679  697  720  741  757  768
  769  759  741  728  727  727  718  698  680
