COD0OPSRAP_20242160000_01D_01H_GIM.INX
     1.0            IONOSPHERE MAPS     GNSS                IONEX VERSION / TYPE
ADDNEQ2 V5.5        AIUB                04-AUG-24 08:02     PGM / RUN BY / DATE 
CODE'S RAPID IONOSPHERE MAPS FOR DAY 216, 2024              COMMENT             
Global ionosphere maps (GIM) are generated on a daily basis DESCRIPTION         
at CODE using data from about 120 GNSS sites of the IGS and DESCRIPTION         
other institutions. The vertical total electron content     DESCRIPTION         
(VTEC) is modeled in a solar-geomagnetic reference frame    DESCRIPTION         
using a spherical harmonics expansion up to degree and      DESCRIPTION         
order 15. Piece-wise linear functions are used for          DESCRIPTION         
representation in the time domain. The time spacing of      DESCRIPTION         
their vertices is 1 hour, conforming with the epochs of the DESCRIPTION         
VTEC maps.                                                  DESCRIPTION         
To convert line-of-sight TEC into vertical TEC, a modified  DESCRIPTION         
single-layer model mapping function approximating the JPL   DESCRIPTION         
extended slab model mapping function is adopted. The        DESCRIPTION         
mapping function is evaluated at geodetic satellite         DESCRIPTION         
elevation angles. For the computation of the ionospheric    DESCRIPTION         
pierce points, a spherical layer with a radius of 6821 km   DESCRIPTION         
is assumed, implying geocentric, not geodetic IONEX         DESCRIPTION         
latitudes.                                                  DESCRIPTION         
Instrumental biases with respect to each involved GNSS code DESCRIPTION         
observable are estimated as constant values for each        DESCRIPTION         
day. They are modeled with one set of bias parameters for   DESCRIPTION         
each satellite and each station in case of GPS and for each DESCRIPTION         
satellite-station link in case of GLONASS. The code bias    DESCRIPTION         
datum is defined by zero-mean conditions imposed on the     DESCRIPTION         
satellite bias estimates. In this file, just GPS C1W-C2W    DESCRIPTION         
satellite and station bias values are included. The         DESCRIPTION         
complete set of GNSS code bias results is provided in an    DESCRIPTION         
additional Bias-SINEX file as pseudo-absolute values        DESCRIPTION         
specific to each observable.                                DESCRIPTION         
Note: These GIM results correspond to the results for the   DESCRIPTION         
last day of a 3-day combination analysis solving for 73     DESCRIPTION         
times 256, or 18688 VTEC parameters and 3 daily sets of     DESCRIPTION         
GNSS code bias parameters.                                  DESCRIPTION         
Contact address: code(at)aiub.unibe.ch                      DESCRIPTION         
Data archive:    ftp.aiub.unibe.ch/CODE/                    DESCRIPTION         
                 www.aiub.unibe.ch/download/CODE/           DESCRIPTION         
  2024     8     3     0     0     0                        EPOCH OF FIRST MAP  
  2024     8     4     0     0     0                        EPOCH OF LAST MAP   
  3600                                                      INTERVAL            
[...]
    87.5 -87.5  -2.5                                        LAT1 / LAT2 / DLAT  
  -180.0 180.0   5.0                                        LON1 / LON2 / DLON  
    -1                                                      EXPONENT            
TEC/RMS values in 0.1 TECU; 9999, if no value available     COMMENT             
Peak TEC values for the included maps:                      COMMENT             
 890  878  865  852  862  877  904  939  963  924  856  822 COMMENT             
 844  852  858  847  844  831  829  835  845  869  893  916 COMMENT             
 930                                                        COMMENT             
List of stations:                                           COMMENT             
adis albh algo amu2 areq ascg aspa azgb bake barh bjfs bndy COMMENT             
bogo bor1 braz brft brst brux bshm cas1 ccj2 cedu chur cord COMMENT             
cpvg cpxf cro1 daej dgar dubo fair flin flrs frdn func ganp COMMENT             
glps glsv gode gold gope gras graz guam hers hert hnpt hofn COMMENT             
holm hrao iisc ineg invk iqal joz2 jplm kerg kir0 kit3 kour COMMENT             
lpal lpgs mal2 mas1 mat1 mate mcm4 mizu mkea mtka nano nklg COMMENT             
nnor ntus nya1 onsa park pdel pert pimo pots qaq1 rabt ramo COMMENT             
reun reyk rio2 sant sch2 scub sofi sthl stjo str2 suth syog COMMENT             
tabv tash thti thu2 tn22 tskb ulab unb3 unbj unsa urum usud COMMENT             
vald whit wind wtzz xmis yel2 yell ykro zim2 zimm           COMMENT             
                                                            END OF HEADER       
[from data line 3861]
    10                                                      START OF TEC MAP    
  2024     8     3     9     0     0                        EPOCH OF CURRENT MAP
    87.5-180.0 180.0   5.0 450.0                            LAT/LON1/LON2/DLON/H
  190  191  192  193  194  196  197  198  200  201  202  204  205  206  207  208
  209  210  210  211  212  212  212  212  213  213  213  212  212  212  212  212
  211  211  210  210  209  209  208  207  207  206  205  204  203  202  201  200
  199  197  196  195  194  193  192  191  190  189  188  187  187  186  186  186
  186  186  186  186  187  187  188  189  190
    85.0-180.0 180.0   5.0 450.0                            LAT/LON1/LON2/DLON/H
  178  180  182  184  187  189  192  195  198  200  203  206  208  210  212  214
  215  216  217  217  218  218  218  217  217  216  216  216  215  215  215  214
  214  214  214  214  213  213  213  212  211  210  209  208  206  205  203  201
  199  197  195  193  190  188  186  184  182  180  178  176  175  174  173  172
  172  172  172  172  173  174  175  176  178
    82.5-180.0 180.0   5.0 450.0                            LAT/LON1/LON2/DLON/H
  170  172  174  177  180  183  187  190  194  198  202  205  209  212  214  217
  218  219  219  219  219  218  216  215  213  212  211  210  209  209  209  209
  210  211  212  213  214  215  215  215  215  215  214  213  212  210  208  206
  204  202  199  196  193  190  187  184  181  179  176  174  171  170  168  167
  166  165  165  165  166  166  167  169  170
    80.0-180.0 180.0   5.0 450.0                            LAT/LON1/LON2/DLON/H
  170  170  171  173  175  178  181  185  189  194  198  202  207  211  214  216
  218  219  218  217  215  213  209  206  203  200  198  197  196  196  198  199
  202  205  208  211  213  216  218  219  220  220  220  220  219  218  217  216
  214  213  210  208  205  202  199  195  192  188  185  182  179  177  175  174
  172  171  171  170  169  169  169  169  170
    77.5-180.0 180.0   5.0 450.0                            LAT/LON1/LON2/DLON/H
  177  176  174  174  174  175  177  180  183  187  192  197  201  206  210  212
  214  215  214  212  209  204  200  195  190  186  183  181  181  182  184  188
  193  199  204  209  214  218  221  224  225  226  227  228  228  229  229  230
  230  230  229  228  226  223  220  216  212  209  205  201  199  196  194  193
  192  190  189  188  186  184  182  179  177
    75.0-180.0 180.0   5.0 450.0                            LAT/LON1/LON2/DLON/H
  192  187  182  179  176  174  174  175  177  180  184  189  193  198  202  205
  207  208  207  204  200  195  189  183  177  172  168  167  167  170  174  180
  188  196  204  211  218  223  227  230  232  233  235  237  239  241  244  247
  249  252  253  253  253  251  248  244  240  236  232  228  226  224  222  221
  220  219  218  215  212  208  203  198  192
    72.5-180.0 180.0   5.0 450.0                            LAT/LON1/LON2/DLON/H
  211  202  193  186  180  175  172  171  171  173  176  179  184  188  192  195
  198  198  197  195  191  186  180  173  167  162  158  157  158  163  169  178
  188  198  208  217  224  230  234  237  239  241  243  245  249  254  259  265
  270  275  279  281  282  281  278  274  269  264  260  256  254  252  252  252
  252  252  250  247  243  236  229  220  211
    70.0-180.0 180.0   5.0 450.0                            LAT/LON1/LON2/DLON/H
  227  215  203  193  184  177  171  168  166  166  167  170  173  177  180  183
  185  186  185  183  180  176  171  165  160  156  154  154  156  162  171  182
  193  205  216  226  233  238  242  244  246  248  250  254  259  266  274  282
  290  297  303  307  308  306  303  298  293  287  282  278  276  276  277  278
  280  280  279  276  270  262  252  240  227
    67.5-180.0 180.0   5.0 450.0                            LAT/LON1/LON2/DLON/H
  238  223  210  197  186  177  170  165  161  160  160  161  163  165  167  169
  170  170  169  168  166  164  162  159  156  154  154  156  160  168  178  190
  203  215  226  235  242  247  250  251  253  255  258  263  269  278  287  297
  306  314  321  324  325  323  319  313  306  300  294  290  288  288  290  293
  296  298  298  295  288  279  267  253  238
    65.0-180.0 180.0   5.0 450.0                            LAT/LON1/LON2/DLON/H
  241  225  211  198  186  176  168  161  157  154  153  153  153  154  155  154
  153  152  151  150  150  150  151  152  153  155  157  161  167  176  187  200
  213  226  236  244  250  254  256  258  260  263  267  273  280  288  298  308
  317  324  329  332  332  329  323  316  308  301  295  290  288  289  291  295
  299  302  303  300  294  284  271  256  241
    62.5-180.0 180.0   5.0 450.0                            LAT/LON1/LON2/DLON/H
  237  222  208  195  184  173  164  157  151  148  146  145  145  144  143  140
  137  133  130  130  131  135  140  145  151  156  161  166  174  184  196  209
  223  235  244  251  256  259  261  264  268  272  277  284  291  299  307  314
  321  326  329  330  328  323  316  309  301  293  287  282  279  279  282  286
  290  294  295  293  288  278  266  252  237
    60.0-180.0 180.0   5.0 450.0                            LAT/LON1/LON2/DLON/H
  231  218  206  194  182  171  161  153  146  142  139  138  137  136  132  128
  122  115  111  110  112  119  128  138  148  156  164  171  180  190  203  216
  230  241  250  256  260  263  267  271  277  283  290  297  303  309  314  318
  321  323  323  320  316  311  304  296  289  281  275  270  267  266  267  270
  274  277  279  278  274  266  256  244  231
    57.5-180.0 180.0   5.0 450.0                            LAT/LON1/LON2/DLON/H
  229  218  207  196  184  172  160  150  141  136  133  131  130  128  124  118
  110  101   95   93   96  104  117  131  145  156  165  174  182  193  206  221
  234  246  255  260  264  268  273  280  289  298  306  313  318  321  322  322
  320  317  314  309  304  298  291  285  278  272  266  262  258  255  255  256
  258  261  263  263  260  255  247  239  229
    55.0-180.0 180.0   5.0 450.0                            LAT/LON1/LON2/DLON/H
  234  226  217  205  193  178  164  151  140  132  128  126  124  122  118  111
  102   93   85   82   85   95  110  127  143  157  167  175  183  194  208  223
  238  250  259  266  270  275  283  292  304  316  326  333  336  335  332  327
  320  314  308  302  296  291  285  280  275  270  265  261  256  253  250  249
  250  251  252  253  252  250  246  240  234
    52.5-180.0 180.0   5.0 450.0                            LAT/LON1/LON2/DLON/H
  248  242  234  222  208  191  174  157  143  133  126  123  120  118  114  108
  100   91   83   79   82   92  108  127  144  158  168  176  184  194  208  224
  241  255  266  273  279  286  295  307  322  336  348  355  357  353  346  337
  327  318  310  304  299  294  289  285  281  278  274  270  265  260  255  253
  251  251  252  253  254  254  253  251  248
    50.0-180.0 180.0   5.0 450.0                            LAT/LON1/LON2/DLON/H
  268  263  256  244  228  210  190  170  153  140  130  123  119  116  112  108
  102   95   88   85   87   97  112  131  149  163  172  178  185  194  208  226
  245  262  275  284  291  299  310  325  342  359  372  380  381  376  366  354
  341  331  323  318  313  309  305  301  297  293  290  286  281  275  270  266
  263  262  262  263  265  267  269  269  268
    47.5-180.0 180.0   5.0 450.0                            LAT/LON1/LON2/DLON/H
  287  283  275  264  248  229  208  187  168  152  140  130  122  117  113  111
  108  104   99   97   98  106  120  138  155  169  178  184  189  197  211  229
  250  270  285  296  305  315  327  344  364  382  398  407  408  403  392  378
  365  355  348  344  340  336  331  325  319  315  310  306  300  294  289  285
  282  281  280  281  282  284  287  288  287
    45.0-180.0 180.0   5.0 450.0                            LAT/LON1/LON2/DLON/H
  299  294  286  275  262  245  226  206  187  170  155  142  131  123  118  117
  117  117  115  112  113  118  130  146  162  176  186  191  196  203  216  234
  256  278  296  309  320  331  345  364  385  407  424  436  439  434  424  410
  398  389  384  381  377  372  364  355  346  338  332  325  319  313  308  305
  303  302  300  300  299  300  301  301  299
    42.5-180.0 180.0   5.0 450.0                            LAT/LON1/LON2/DLON/H
  297  290  282  273  264  252  237  222  205  189  174  159  145  134  127  126
  128  131  132  130  128  130  139  153  169  184  195  201  206  212  223  240
  262  285  305  321  333  346  363  383  407  431  451  465  471  468  460  449
  438  431  428  426  422  414  402  388  374  363  352  343  334  327  323  321
  321  320  318  315  312  310  307  303  297
    40.0-180.0 180.0   5.0 450.0                            LAT/LON1/LON2/DLON/H
  283  272  264  258  253  247  240  230  219  206  193  177  162  148  140  138
  141  146  148  146  142  142  147  158  174  191  204  213  218  223  232  247
  268  291  312  330  345  360  379  402  428  455  478  495  503  504  499  491
  483  479  478  476  472  461  445  425  406  390  375  361  349  339  334  333
  334  334  332  326  319  311  303  293  283
    37.5-180.0 180.0   5.0 450.0                            LAT/LON1/LON2/DLON/H
  260  247  237  233  232  233  233  230  225  218  208  195  180  165  154  151
  154  160  163  160  155  151  153  162  178  196  212  224  231  236  242  254
  272  295  317  337  354  373  394  420  449  478  504  523  535  539  538  534
  532  531  532  531  526  513  492  469  445  423  403  384  366  352  344  343
  345  345  341  332  321  307  293  277  260
    35.0-180.0 180.0   5.0 450.0                            LAT/LON1/LON2/DLON/H
  241  223  212  209  211  216  221  224  224  222  217  208  196  182  170  165
  167  172  175  173  166  160  159  166  181  200  219  235  244  248  252  261
  277  297  320  342  363  385  410  438  469  501  528  550  564  572  576  578
  581  585  589  590  584  569  547  520  493  468  442  416  391  371  359  356
  358  357  351  339  322  303  283  262  241
    32.5-180.0 180.0   5.0 450.0                            LAT/LON1/LON2/DLON/H
  235  215  203  198  200  205  210  215  217  218  218  215  208  196  184  178
  179  183  186  184  176  169  166  171  184  203  224  243  255  260  263  269
  282  301  324  347  372  398  426  458  491  523  551  573  590  601  611  621
  631  641  648  651  645  631  608  581  553  525  495  462  429  402  384  378
  378  376  366  350  329  306  282  258  235
    30.0-180.0 180.0   5.0 450.0                            LAT/LON1/LON2/DLON/H
  251  233  219  211  208  208  209  210  211  212  215  216  214  206  196  189
  188  192  195  193  187  180  177  179  189  206  228  248  263  270  272  277
  288  307  330  356  384  414  446  479  513  545  573  595  612  628  644  662
  680  696  706  711  707  694  674  649  622  593  560  521  481  446  423  412
  409  403  391  370  346  320  296  273  251
    27.5-180.0 180.0   5.0 450.0                            LAT/LON1/LON2/DLON/H
  292  278  265  253  242  232  224  217  212  210  211  214  216  212  204  196
  194  198  201  202  198  193  190  190  196  209  229  250  267  277  281  286
  298  316  340  368  400  433  469  504  538  568  594  615  633  651  674  700
  725  746  759  765  763  753  737  716  692  664  629  587  541  501  473  458
  450  441  424  399  372  347  325  308  292
    25.0-180.0 180.0   5.0 450.0                            LAT/LON1/LON2/DLON/H
  352  346  335  319  298  277  257  240  225  216  212  214  216  215  209  202
  199  201  206  209  208  206  203  201  202  210  227  248  267  280  288  296
  310  330  356  386  420  457  495  531  564  592  616  635  652  674  701  733
  763  787  801  807  807  800  788  772  752  727  693  650  602  559  528  510
  499  485  462  433  403  380  364  356  352
    22.5-180.0 180.0   5.0 450.0                            LAT/LON1/LON2/DLON/H
  417  423  417  398  369  336  304  278  254  235  223  219  220  219  213  206
  202  203  208  213  215  216  215  211  207  209  221  242  263  281  294  307
  324  347  375  408  445  485  524  560  592  618  639  656  673  695  725  760
  791  813  825  829  828  825  818  807  792  770  739  698  653  612  581  562
  547  528  500  465  432  410  403  407  417
    20.0-180.0 180.0   5.0 450.0                            LAT/LON1/LON2/DLON/H
  471  490  493  474  439  397  359  326  296  269  247  235  230  226  220  212
  206  205  209  214  218  221  221  215  207  204  212  232  256  279  298  317
  339  366  398  433  473  514  555  591  621  644  663  678  693  715  745  778
  805  821  826  825  823  822  819  814  803  786  759  725  686  650  623  604
  587  563  528  487  451  430  429  446  471
    17.5-180.0 180.0   5.0 450.0                            LAT/LON1/LON2/DLON/H
  500  533  545  529  492  448  408  376  345  313  283  261  248  240  231  221
  212  208  208  211  216  220  220  213  202  195  200  220  248  275  301  326
  355  386  421  458  500  543  584  620  648  670  687  700  713  733  759  785
  804  809  803  795  790  789  791  790  785  773  753  727  698  670  648  631
  612  584  542  494  453  431  435  462  500
    15.0-180.0 180.0   5.0 450.0                            LAT/LON1/LON2/DLON/H
  498  541  561  551  518  477  443  417  392  361  325  295  274  261  248  234
  221  212  207  206  208  212  212  205  192  183  187  208  239  272  303  335
  369  405  443  482  524  568  609  644  672  693  708  719  730  746  765  782
  787  779  761  745  736  736  740  744  744  739  727  710  691  673  657  642
  622  589  541  486  439  414  419  451  498
    12.5-180.0 180.0   5.0 450.0                            LAT/LON1/LON2/DLON/H
  468  515  541  538  511  478  455  442  428  403  367  331  304  286  269  251
  233  217  206  199  197  199  199  192  179  169  174  197  232  270  307  344
  382  422  461  502  543  586  626  661  688  709  723  732  741  752  764  769
  761  738  710  686  674  674  681  690  696  697  693  686  676  665  654  641
  620  583  530  469  415  385  387  419  468
    10.0-180.0 180.0   5.0 450.0                            LAT/LON1/LON2/DLON/H
  423  467  495  497  477  455  444  445  446  431  400  363  332  310  291  269
  246  223  205  192  185  184  183  176  165  157  164  190  228  270  311  352
  393  435  476  515  555  595  633  666  694  714  728  736  743  750  755  750
  731  699  663  635  622  622  632  646  657  665  668  667  663  657  649  635
  612  572  516  451  393  357  354  379  423
     7.5-180.0 180.0   5.0 450.0                            LAT/LON1/LON2/DLON/H
  382  417  441  444  431  417  416  430  444  441  417  384  353  329  308  284
  256  228  203  184  173  169  167  162  152  146  156  185  227  272  316  359
  402  444  484  521  557  593  628  660  686  706  720  728  734  740  741  731
  706  670  635  608  596  597  609  626  642  655  662  665  664  658  648  633
  607  566  509  443  384  346  335  350  382
     5.0-180.0 180.0   5.0 450.0                            LAT/LON1/LON2/DLON/H
  364  384  399  400  390  379  383  403  426  433  418  390  362  339  317  291
  260  228  199  177  162  157  155  150  142  139  152  183  228  276  321  365
  408  449  486  520  551  581  612  641  666  685  698  707  714  721  724  715
  693  663  635  615  607  609  621  639  658  674  683  685  682  673  659  639
  611  570  515  454  398  360  345  348  364
     2.5-180.0 180.0   5.0 450.0                            LAT/LON1/LON2/DLON/H
  381  383  385  381  368  355  356  374  398  411  403  381  357  336  314  288
  256  222  192  168  153  147  145  142  136  134  148  182  228  278  324  367
  409  448  482  511  536  560  585  611  634  653  665  676  686  698  707  705
  694  679  666  658  655  659  668  685  703  718  725  724  715  701  680  656
  625  586  537  484  438  406  389  382  381
