COD0OPSRAP_20241840000_01D_01H_GIM.INX
     1.0            IONOSPHERE MAPS     GNSS                IONEX VERSION / TYPE
ADDNEQ2 V5.5        AIUB                03-JUL-24 08:11     PGM / RUN BY / DATE 
CODE'S RAPID IONOSPHERE MAPS FOR DAY 184, 2024              COMMENT             
Global ionosphere maps (GIM) are generated on a daily basis DESCRIPTION         
at CODE using data from about 120 GNSS sites of the IGS and DESCRIPTION         
other institutions. The vertical total electron content     DESCRIPTION         
(VTEC) is modeled in a solar-geomagnetic reference frame    DESCRIPTION         
using a spherical harmonics expansion up to degree and      DESCRIPTION         
order 15. Piece-wise linear functions are used for          DESCRIPTION         
representation in the time domain. The time spacing of      DESCRIPTION         
their vertices is 1 hour, conforming with the epochs of the DESCRIPTION         
VTEC maps.                                                  DESCRIPTION         
To convert line-of-sight TEC into vertical TEC, a modified  DESCRIPTION         
single-layer model mapping function approximating the JPL   DESCRIPTION         
extended slab model mapping function is adopted. The        DESCRIPTION         
mapping function is evaluated at geodetic satellite         DESCRIPTION         
elevation angles. For the computation of the ionospheric    DESCRIPTION         
pierce points, a spherical layer with a radius of 6821 km   DESCRIPTION         
is assumed, implying geocentric, not geodetic IONEX         DESCRIPTION         
latitudes.                                                  DESCRIPTION         
Instrumental biases with respect to each involved GNSS code DESCRIPTION         
observable are estimated as constant values for each        DESCRIPTION         
day. They are modeled with one set of bias parameters for   DESCRIPTION         
each satellite and each station in case of GPS and for each DESCRIPTION         
satellite-station link in case of GLONASS. The code bias    DESCRIPTION         
datum is defined by zero-mean conditions imposed on the     DESCRIPTION         
satellite bias estimates. In this file, just GPS C1W-C2W    DESCRIPTION         
satellite and station bias values are included. The         DESCRIPTION         
complete set of GNSS code bias results is provided in an    DESCRIPTION         
additional Bias-SINEX file as pseudo-absolute values        DESCRIPTION         
specific to each observable.                                DESCRIPTION         
Note: These GIM results correspond to the results for the   DESCRIPTION         
last day of a 3-day combination analysis solving for 73     DESCRIPTION         
times 256, or 18688 VTEC parameters and 3 daily sets of     DESCRIPTION         
GNSS code bias parameters.                                  DESCRIPTION         
Contact address: code(at)aiub.unibe.ch                      DESCRIPTION         
Data archive:    ftp.aiub.unibe.ch/CODE/                    DESCRIPTION         
                 www.aiub.unibe.ch/download/CODE/           DESCRIPTION         
  2024     7     2     0     0     0                        EPOCH OF FIRST MAP  
  2024     7     3     0     0     0                        EPOCH OF LAST MAP   
  3600                                                      INTERVAL            
[...]
    87.5 -87.5  -2.5                                        LAT1 / LAT2 / DLAT  
  -180.0 180.0   5.0                                        LON1 / LON2 / DLON  
    -1                                                      EXPONENT            
TEC/RMS values in 0.1 TECU; 9999, if no value available     COMMENT             
Peak TEC values for the included maps:                      COMMENT             
 789  804  805  805  824  789  803  825  821  783  729  697 COMMENT             
 717  715  706  720  726  735  734  734  738  750  763  770 COMMENT             
 773                                                        COMMENT             
List of stations:                                           COMMENT             
adis albh algo alic amu2 areq ascg aspa auck bake bogo bor1 COMMENT             
braz brft brst brux cas1 ccj2 cedu chti chur cord cpvg cro1 COMMENT             
darw dav1 dgar dubo faa1 fair flin flrs frdn func ganp glps COMMENT             
glsv gode gope gras graz guam hert hnpt hob2 hofn hrao iisc COMMENT             
ineg invk iqal joz2 jplm kerg kir0 kit3 kokv kour lpal lpgs COMMENT             
mac1 mal2 mas1 mat1 mate maw1 mcm4 mizu mkea mobs mtka nano COMMENT             
nklg nnor ntus nya1 onsa park pdel pert pimo pots qaq1 rabt COMMENT             
reun reyk rio2 sant sch2 scub sofi sthl stjo str2 suth sydn COMMENT             
syog tabv tash thti thu2 tid1 tn22 tow2 ulab unb3 unbj unsa COMMENT             
urum usud vald whit wind wtzz xmis yarr yel2 ykro zim2 zimm COMMENT             
                                                            END OF HEADER       
[from data line 3861]
    10                                                      START OF TEC MAP    
  2024     7     2     9     0     0                        EPOCH OF CURRENT MAP
    87.5-180.0 180.0   5.0 450.0                            LAT/LON1/LON2/DLON/H
  201  203  204  206  208  210  211  213  215  217  219  221  222  224  226  227
  228  230  231  232  232  233  233  233  234  233  233  233  232  232  231  230
  229  228  227  226  224  223  221  220  218  217  215  214  212  210  209  207
  206  204  203  201  200  198  197  196  195  195  194  193  193  193  193  193
  193  194  195  195  196  197  198  200  201
    85.0-180.0 180.0   5.0 450.0                            LAT/LON1/LON2/DLON/H
  193  195  198  200  203  206  209  212  215  219  222  226  229  232  235  238
  240  242  244  246  247  247  248  247  247  246  245  244  243  242  240  239
  237  236  234  232  231  229  227  225  223  221  219  217  214  212  209  206
  204  201  198  196  193  190  188  186  184  183  182  181  180  180  180  180
  181  181  182  184  185  187  189  191  193
    82.5-180.0 180.0   5.0 450.0                            LAT/LON1/LON2/DLON/H
  192  194  196  198  200  203  206  209  213  217  221  225  230  234  238  242
  245  248  250  252  253  253  252  251  250  248  246  244  242  240  238  237
  235  234  233  233  232  231  231  230  229  227  226  224  222  219  216  213
  210  207  203  200  196  193  190  187  185  183  181  180  179  179  179  180
  181  182  183  184  186  187  189  190  192
    80.0-180.0 180.0   5.0 450.0                            LAT/LON1/LON2/DLON/H
  201  201  201  201  202  203  204  206  208  211  215  219  224  229  234  238
  242  245  248  249  249  248  246  244  241  237  234  231  228  227  225  225
  225  226  227  228  230  231  233  234  235  235  235  235  234  233  231  228
  226  222  219  215  211  207  203  200  197  195  193  192  192  192  193  194
  195  196  197  198  199  200  200  201  201
    77.5-180.0 180.0   5.0 450.0                            LAT/LON1/LON2/DLON/H
  217  215  213  210  208  206  204  203  204  205  207  210  214  219  224  228
  232  236  238  239  238  236  233  228  224  219  214  211  208  207  207  208
  211  215  219  223  227  232  235  239  242  245  247  248  250  250  250  249
  247  244  241  237  233  229  225  221  218  216  215  215  215  216  218  219
  220  221  222  222  222  222  221  219  217
    75.0-180.0 180.0   5.0 450.0                            LAT/LON1/LON2/DLON/H
  236  232  227  222  217  212  207  203  201  199  199  201  203  207  211  215
  219  222  224  224  223  220  215  210  204  198  193  189  187  187  190  194
  199  206  213  221  228  234  240  245  250  255  259  262  266  268  270  271
  271  269  266  263  258  254  249  246  243  242  241  242  243  245  247  249
  250  250  250  249  248  246  243  240  236
    72.5-180.0 180.0   5.0 450.0                            LAT/LON1/LON2/DLON/H
  251  246  240  233  226  218  212  206  201  197  195  194  194  196  198  201
  204  207  209  209  207  204  199  193  187  181  176  173  172  174  179  186
  195  205  215  224  233  240  247  253  259  264  269  274  279  284  288  290
  291  291  289  285  281  276  271  267  265  264  265  267  269  272  274  275
  275  274  272  269  267  263  260  256  251
    70.0-180.0 180.0   5.0 450.0                            LAT/LON1/LON2/DLON/H
  257  252  245  238  231  223  215  208  203  198  194  191  190  189  189  190
  192  193  195  195  195  192  188  183  177  172  168  166  167  171  179  188
  199  211  223  233  242  250  256  261  266  271  277  283  289  295  300  304
  306  306  304  301  296  290  285  281  279  279  281  284  287  290  292  291
  290  286  282  277  273  269  265  261  257
    67.5-180.0 180.0   5.0 450.0                            LAT/LON1/LON2/DLON/H
  251  247  242  236  229  222  215  209  204  199  196  192  189  186  184  183
  182  182  183  184  185  185  183  180  176  173  171  170  173  179  188  199
  211  224  236  246  254  261  266  270  273  277  282  288  295  301  307  311
  314  314  311  307  301  295  289  285  283  284  287  291  295  298  298  296
  292  285  278  271  265  261  257  255  251
    65.0-180.0 180.0   5.0 450.0                            LAT/LON1/LON2/DLON/H
  238  235  231  226  220  214  209  205  202  199  197  194  190  186  182  177
  174  173  174  176  178  181  183  183  182  181  181  183  187  194  203  214
  226  238  250  259  267  272  275  277  280  283  287  292  298  304  310  313
  315  314  311  305  299  292  285  281  279  281  284  289  294  296  295  291
  283  274  264  255  248  244  241  240  238
    62.5-180.0 180.0   5.0 450.0                            LAT/LON1/LON2/DLON/H
  224  222  217  212  206  200  196  194  194  194  194  193  190  185  179  173
  168  165  165  168  173  179  184  188  191  194  196  199  204  210  219  229
  240  251  261  270  277  281  284  285  287  289  293  298  303  308  311  313
  313  310  306  300  293  285  279  274  272  274  278  283  288  289  287  281
  270  259  247  237  230  227  225  225  224
    60.0-180.0 180.0   5.0 450.0                            LAT/LON1/LON2/DLON/H
  218  214  208  201  193  186  181  180  181  183  186  187  185  181  175  168
  161  157  157  160  167  176  185  193  200  205  210  214  219  225  232  240
  249  259  269  278  285  290  293  294  296  298  302  306  310  314  315  315
  312  308  302  296  289  281  274  269  268  269  273  278  282  283  279  271
  260  248  236  227  221  219  219  219  218
    57.5-180.0 180.0   5.0 450.0                            LAT/LON1/LON2/DLON/H
  226  220  211  200  188  177  170  166  167  169  172  175  175  173  168  161
  154  149  148  152  160  171  183  195  205  213  220  226  231  236  240  246
  253  262  272  283  292  298  303  306  308  311  315  319  323  324  324  321
  316  310  304  298  291  284  277  272  270  270  273  277  280  280  276  269
  258  247  238  231  228  227  228  228  226
    55.0-180.0 180.0   5.0 450.0                            LAT/LON1/LON2/DLON/H
  250  242  229  213  197  181  169  160  156  156  157  160  161  161  158  153
  147  142  141  145  153  166  180  193  206  217  226  233  238  242  245  249
  254  263  274  287  299  309  315  320  323  327  332  336  340  341  338  333
  327  320  314  308  302  296  289  284  281  279  281  283  284  284  280  274
  267  260  254  251  251  252  254  254  250
    52.5-180.0 180.0   5.0 450.0                            LAT/LON1/LON2/DLON/H
  285  275  261  242  221  200  182  167  156  149  146  145  146  148  148  145
  142  138  137  140  148  160  175  190  205  217  229  238  244  248  249  251
  256  265  278  294  309  322  331  337  341  346  352  357  361  361  358  352
  344  337  331  326  321  316  309  303  298  295  294  294  294  293  290  287
  284  282  281  283  285  288  290  289  285
    50.0-180.0 180.0   5.0 450.0                            LAT/LON1/LON2/DLON/H
  320  311  297  279  256  232  208  187  168  153  142  137  136  137  140  141
  139  137  136  138  145  157  172  187  203  218  232  243  251  255  256  257
  261  270  285  304  323  339  350  357  362  367  374  380  384  385  381  375
  367  360  355  350  345  340  333  326  319  314  310  308  306  304  303  303
  304  308  312  317  321  324  326  325  320
    47.5-180.0 180.0   5.0 450.0                            LAT/LON1/LON2/DLON/H
  344  339  329  313  293  269  243  216  191  168  150  138  133  133  137  140
  142  141  140  141  147  158  172  188  204  221  238  252  262  267  268  268
  271  281  298  319  340  358  370  378  383  389  397  404  409  410  407  401
  394  387  382  376  371  364  356  348  339  331  326  321  318  315  315  317
  323  331  339  345  348  349  349  347  344
    45.0-180.0 180.0   5.0 450.0                            LAT/LON1/LON2/DLON/H
  348  347  343  334  320  300  275  247  219  191  167  149  139  137  141  146
  148  148  147  148  153  162  175  191  209  228  247  264  277  283  284  284
  287  296  313  335  357  376  390  399  406  413  421  429  435  436  434  429
  422  416  409  402  395  386  376  366  355  346  339  333  328  325  325  329
  337  347  355  359  359  356  352  349  348
    42.5-180.0 180.0   5.0 450.0                            LAT/LON1/LON2/DLON/H
  331  333  335  333  326  312  293  269  243  215  189  167  154  149  151  155
  158  159  157  157  161  170  183  199  217  238  259  279  294  302  303  303
  304  313  329  350  373  393  408  420  429  437  447  455  460  462  460  456
  451  444  436  427  417  405  393  381  369  359  351  344  338  334  333  337
  346  355  360  360  353  343  335  331  331
    40.0-180.0 180.0   5.0 450.0                            LAT/LON1/LON2/DLON/H
  298  302  307  309  307  300  288  273  254  232  209  188  173  166  165  167
  170  169  168  167  170  179  191  207  226  248  272  293  310  318  320  320
  321  328  342  362  384  406  424  438  451  462  473  481  486  488  486  483
  479  473  464  452  439  425  411  397  385  374  366  359  352  347  344  347
  353  359  360  353  338  321  307  299  298
    37.5-180.0 180.0   5.0 450.0                            LAT/LON1/LON2/DLON/H
  267  267  269  271  270  267  262  256  248  237  222  206  192  183  180  180
  180  179  177  176  179  187  199  215  234  256  280  303  320  330  332  332
  333  340  352  370  392  415  436  455  472  486  498  507  511  512  512  510
  508  503  494  480  465  449  434  420  407  396  388  381  374  367  362  362
  365  367  363  348  326  303  283  271  267
    35.0-180.0 180.0   5.0 450.0                            LAT/LON1/LON2/DLON/H
  253  245  238  233  228  224  223  225  228  229  226  218  208  199  193  190
  188  186  183  183  186  193  205  220  238  259  283  305  323  333  337  338
  341  347  359  375  396  421  446  470  491  508  522  530  534  535  536  537
  538  535  527  514  499  484  469  454  441  429  421  414  406  398  390  387
  387  385  376  357  330  303  280  264  253
    32.5-180.0 180.0   5.0 450.0                            LAT/LON1/LON2/DLON/H
  271  252  232  214  199  190  188  193  204  215  222  222  217  209  202  196
  192  190  188  188  191  197  208  221  237  257  279  300  317  328  334  338
  344  353  364  380  401  426  454  482  506  526  540  548  552  554  558  563
  569  570  565  555  542  529  516  502  487  474  465  457  449  439  429  423
  421  417  406  385  358  331  308  289  271
    30.0-180.0 180.0   5.0 450.0                            LAT/LON1/LON2/DLON/H
  325  295  262  230  204  186  177  180  190  205  217  223  222  216  208  200
  195  192  192  192  195  200  208  219  232  249  269  289  306  318  327  335
  346  358  371  387  408  434  463  492  517  537  551  559  564  569  576  587
  598  605  606  601  593  584  573  559  543  527  516  508  499  488  477  469
  466  462  451  432  408  387  368  350  325
    27.5-180.0 180.0   5.0 450.0                            LAT/LON1/LON2/DLON/H
  409  371  328  286  251  225  207  200  202  211  221  227  227  221  212  203
  197  195  196  197  199  203  209  216  226  239  256  275  292  306  319  332
  348  365  382  400  420  446  474  501  523  541  553  562  569  578  591  608
  625  639  645  647  645  641  633  618  599  581  567  559  550  539  527  518
  516  513  504  489  472  459  449  435  409
    25.0-180.0 180.0   5.0 450.0                            LAT/LON1/LON2/DLON/H
  501  463  418  376  340  309  282  261  248  242  241  240  237  229  217  207
  200  199  201  203  204  206  209  214  220  230  245  263  281  297  313  332
  354  376  398  417  438  462  486  509  527  540  550  558  568  582  600  623
  646  666  679  686  690  690  684  669  647  626  611  602  594  584  572  564
  562  561  554  542  531  528  529  523  501
    22.5-180.0 180.0   5.0 450.0                            LAT/LON1/LON2/DLON/H
  576  546  511  480  453  426  394  359  326  299  279  265  254  241  227  214
  207  206  208  210  211  211  211  213  216  223  236  254  274  293  312  335
  362  390  416  438  460  481  501  518  529  537  544  552  565  582  606  633
  660  684  701  713  721  724  718  701  677  654  639  631  626  618  607  600
  598  596  588  576  569  574  585  589  576
    20.0-180.0 180.0   5.0 450.0                            LAT/LON1/LON2/DLON/H
  610  596  580  571  565  551  520  475  423  372  331  300  279  260  242  225
  216  214  216  218  217  216  215  214  214  219  231  251  273  294  315  341
  372  405  435  460  482  501  517  528  534  536  540  548  562  582  608  637
  666  691  710  725  734  736  728  710  685  662  649  645  643  638  629  622
  619  612  598  581  571  579  597  611  610
    17.5-180.0 180.0   5.0 450.0                            LAT/LON1/LON2/DLON/H
  590  594  603  624  646  653  632  583  516  446  385  340  308  283  260  240
  227  223  223  224  222  220  218  216  215  218  230  251  275  299  322  348
  381  416  449  477  500  519  533  541  543  542  543  550  564  585  610  638
  665  688  708  721  729  728  717  697  673  653  644  644  647  646  639  632
  625  611  585  555  536  538  558  579  590
    15.0-180.0 180.0   5.0 450.0                            LAT/LON1/LON2/DLON/H
  516  536  570  621  673  705  698  653  582  501  429  373  335  305  278  254
  237  230  228  227  224  221  219  217  215  217  229  252  279  305  328  355
  387  423  458  488  513  533  547  555  557  556  556  560  572  590  613  637
  660  680  697  709  712  706  691  671  649  634  630  636  644  646  642  633
  620  595  555  507  472  462  476  497  516
    12.5-180.0 180.0   5.0 450.0                            LAT/LON1/LON2/DLON/H
  406  435  487  561  638  691  701  666  599  520  447  390  351  321  292  265
  244  233  229  225  221  218  217  215  212  213  226  250  281  308  333  358
  389  424  460  491  517  539  556  568  573  575  574  577  585  599  617  637
  655  672  686  694  693  681  663  643  626  617  618  628  639  644  642  632
  612  576  519  452  397  371  372  387  406
    10.0-180.0 180.0   5.0 450.0                            LAT/LON1/LON2/DLON/H
  290  318  375  459  549  615  638  616  562  494  431  383  351  324  297  269
  246  231  224  218  213  211  210  209  206  207  219  245  278  308  333  358
  387  421  455  486  513  538  559  576  588  594  595  594  598  609  623  638
  653  668  681  687  682  665  644  626  615  612  617  628  640  646  643  632
  607  561  491  408  335  291  276  279  290
     7.5-180.0 180.0   5.0 450.0                            LAT/LON1/LON2/DLON/H
  200  217  265  344  431  497  525  514  476  427  383  352  331  314  291  264
  240  224  214  207  201  199  199  199  195  196  208  235  270  303  331  356
  384  415  446  476  502  528  553  577  596  607  609  607  608  616  628  642
  657  672  687  693  685  666  644  629  623  624  630  638  647  651  648  636
  608  557  480  388  304  247  217  204  200
     5.0-180.0 180.0   5.0 450.0                            LAT/LON1/LON2/DLON/H
  164  161  190  249  318  371  393  386  363  335  313  301  296  289  274  251
  228  212  201  192  185  183  184  184  181  181  194  222  259  295  326  353
  381  409  437  463  486  511  538  567  592  607  610  608  608  616  631  647
  665  684  702  712  706  686  666  653  651  653  655  657  659  659  655  641
  614  564  488  398  313  251  212  184  164
     2.5-180.0 180.0   5.0 450.0                            LAT/LON1/LON2/DLON/H
  191  167  171  202  243  271  278  268  253  242  239  244  253  257  249  231
  212  197  186  176  169  166  167  168  165  166  178  207  245  285  320  350
  379  405  429  449  468  489  515  544  572  590  595  593  594  607  627  650
  673  699  723  739  736  719  701  692  692  692  686  678  670  663  656  644
  619  576  511  433  360  304  263  226  191
