COD0OPSRAP_20242380000_01D_01H_GIM.INX
     1.0            IONOSPHERE MAPS     GNSS                IONEX VERSION / TYPE
ADDNEQ2 V5.5        AIUB                26-AUG-24 08:01     PGM / RUN BY / DATE 
CODE'S RAPID IONOSPHERE MAPS FOR DAY 238, 2024              COMMENT             
Global ionosphere maps (GIM) are generated on a daily basis DESCRIPTION         
at CODE using data from about 120 GNSS sites of the IGS and DESCRIPTION         
other institutions. The vertical total electron content     DESCRIPTION         
(VTEC) is modeled in a solar-geomagnetic reference frame    DESCRIPTION         
using a spherical harmonics expansion up to degree and      DESCRIPTION         
order 15. Piece-wise linear functions are used for          DESCRIPTION         
representation in the time domain. The time spacing of      DESCRIPTION         
their vertices is 1 hour, conforming with the epochs of the DESCRIPTION         
VTEC maps.                                                  DESCRIPTION         
To convert line-of-sight TEC into vertical TEC, a modified  DESCRIPTION         
single-layer model mapping function approximating the JPL   DESCRIPTION         
extended slab model mapping function is adopted. The        DESCRIPTION         
mapping function is evaluated at geodetic satellite         DESCRIPTION         
elevation angles. For the computation of the ionospheric    DESCRIPTION         
pierce points, a spherical layer with a radius of 6821 km   DESCRIPTION         
is assumed, implying geocentric, not geodetic IONEX         DESCRIPTION         
latitudes.                                                  DESCRIPTION         
Instrumental biases with respect to each involved GNSS code DESCRIPTION         
observable are estimated as constant values for each        DESCRIPTION         
day. They are modeled with one set of bias parameters for   DESCRIPTION         
each satellite and each station in case of GPS and for each DESCRIPTION         
satellite-station link in case of GLONASS. The code bias    DESCRIPTION         
datum is defined by zero-mean conditions imposed on the     DESCRIPTION         
satellite bias estimates. In this file, just GPS C1W-C2W    DESCRIPTION         
satellite and station bias values are included. The         DESCRIPTION         
complete set of GNSS code bias results is provided in an    DESCRIPTION         
additional Bias-SINEX file as pseudo-absolute values        DESCRIPTION         
specific to each observable.                                DESCRIPTION         
Note: These GIM results correspond to the results for the   DESCRIPTION         
last day of a 3-day combination analysis solving for 73     DESCRIPTION         
times 256, or 18688 VTEC parameters and 3 daily sets of     DESCRIPTION         
GNSS code bias parameters.                                  DESCRIPTION         
Contact address: code(at)aiub.unibe.ch                      DESCRIPTION         
Data archive:    ftp.aiub.unibe.ch/CODE/                    DESCRIPTION         
                 www.aiub.unibe.ch/download/CODE/           DESCRIPTION         
  2024     8    25     0     0     0                        EPOCH OF FIRST MAP  
  2024     8    26     0     0     0                        EPOCH OF LAST MAP   
  3600                                                      INTERVAL            
[...]
    87.5 -87.5  -2.5                                        LAT1 / LAT2 / DLAT  
  -180.0 180.0   5.0                                        LON1 / LON2 / DLON  
    -1                                                      EXPONENT            
TEC/RMS values in 0.1 TECU; 9999, if no value available     COMMENT             
Peak TEC values for the included maps:                      COMMENT             
1120 1142 1188 1199 1130 1043 1014 1039 1091 1101 1063 1013 COMMENT             
 978  955  955 1045 1085 1064 1068 1029 1018 1036 1059 1059 COMMENT             
1071                                                        COMMENT             
List of stations:                                           COMMENT             
albh algo alic amu2 areq ascg aspa bake bogo bor1 braz brft COMMENT             
brst brux bshm cas1 ccj2 cedu chur cord cpvg cro1 darw dav1 COMMENT             
dgar dubo faa1 fair flin flrs frdn func ganp glps glsv gode COMMENT             
gope gras graz guam guat hers hert hnpt hob2 hofn hrao ineg COMMENT             
invk iqal joz2 jplm kerg kir0 kit3 kour lpal lpgs mac1 mal2 COMMENT             
mas1 mat1 mate maw1 mcm4 mizu mkea mobs mtka nano nklg nnor COMMENT             
ntus nya1 onsa park pdel pert pimo pots qaq1 rabt reun reyk COMMENT             
rio2 sant sch2 scub sofi sthl stjo str2 suth sydn syog tabv COMMENT             
tash thti thu2 tid1 tn22 tow2 ulab unb3 unbj unsa urum usud COMMENT             
vald whit wind wtzz xmis yarr yel2 ykro zim2 zimm           COMMENT             
                                                            END OF HEADER       
[from data line 6435]
    16                                                      START OF TEC MAP    
  2024     8    25    15     0     0                        EPOCH OF CURRENT MAP
    87.5-180.0 180.0   5.0 450.0                            LAT/LON1/LON2/DLON/H
  240  241  242  242  243  244  244  245  245  245  245  245  245  244  244  243
  243  242  241  240  238  237  236  235  233  232  230  229  227  225  224  222
  221  219  218  217  215  214  213  212  212  211  211  210  210  210  211  211
  212  213  213  214  216  217  218  219  221  222  223  225  226  228  229  230
  231  233  234  235  236  237  238  239  240
    85.0-180.0 180.0   5.0 450.0                            LAT/LON1/LON2/DLON/H
  241  243  244  246  247  249  250  251  252  253  254  254  254  254  253  252
  251  249  248  246  244  242  240  237  235  233  231  228  226  223  221  218
  215  213  210  207  205  202  200  198  196  195  194  193  193  193  194  195
  197  199  201  203  206  209  211  214  217  219  222  224  226  228  229  231
  232  233  234  235  237  238  239  240  241
    82.5-180.0 180.0   5.0 450.0                            LAT/LON1/LON2/DLON/H
  231  233  235  237  239  242  245  247  250  252  253  255  255  255  255  254
  252  250  248  246  243  241  239  237  235  233  231  229  227  225  223  220
  217  214  210  207  203  199  195  192  189  186  184  183  183  183  185  187
  189  193  196  200  205  209  213  217  220  223  226  228  229  230  230  230
  230  230  229  229  229  229  229  230  231
    80.0-180.0 180.0   5.0 450.0                            LAT/LON1/LON2/DLON/H
  211  212  214  217  221  225  229  234  238  242  245  248  250  251  250  249
  248  245  243  240  238  236  234  233  233  232  232  233  233  232  232  230
  228  225  221  216  211  206  201  196  191  187  185  183  183  183  185  188
  192  197  202  207  213  218  223  227  231  233  235  236  235  234  232  229
  226  223  219  216  214  212  211  210  211
    77.5-180.0 180.0   5.0 450.0                            LAT/LON1/LON2/DLON/H
  185  186  189  192  196  202  208  214  221  227  233  237  240  242  243  242
  240  237  234  232  229  228  228  228  230  233  236  239  242  244  245  246
  245  242  239  234  228  221  215  208  203  198  195  193  193  194  197  200
  205  210  216  222  227  233  238  241  244  246  246  244  241  236  231  225
  218  211  205  199  194  190  187  186  185
    75.0-180.0 180.0   5.0 450.0                            LAT/LON1/LON2/DLON/H
  161  161  164  167  172  178  186  194  203  211  219  225  230  233  234  233
  231  228  225  223  221  221  222  225  229  235  241  247  252  257  261  263
  264  262  259  254  247  240  233  226  220  216  213  211  212  214  217  221
  225  230  235  239  244  248  251  254  255  254  252  248  242  234  225  216
  206  196  187  179  173  167  164  161  161
    72.5-180.0 180.0   5.0 450.0                            LAT/LON1/LON2/DLON/H
  141  142  144  148  153  160  168  177  187  198  207  216  222  226  228  227
  225  222  219  216  216  217  220  225  231  238  246  254  262  268  273  277
  279  278  275  271  264  257  250  244  238  235  233  233  235  238  241  244
  247  250  252  254  255  256  257  257  256  253  248  242  233  223  212  200
  188  176  166  158  151  147  143  142  141
    70.0-180.0 180.0   5.0 450.0                            LAT/LON1/LON2/DLON/H
  129  131  133  137  141  148  156  166  177  189  200  210  217  222  224  223
  221  218  215  213  213  216  221  227  235  243  251  259  267  273  279  283
  285  286  284  280  275  269  263  258  254  252  253  255  258  261  264  266
  266  265  262  259  256  253  251  248  244  240  233  225  215  203  190  177
  164  153  143  136  131  129  128  128  129
    67.5-180.0 180.0   5.0 450.0                            LAT/LON1/LON2/DLON/H
  122  125  128  132  136  143  151  161  173  185  197  207  215  220  222  221
  218  215  213  212  214  218  224  231  239  246  253  259  265  271  276  280
  283  285  285  283  279  275  270  267  265  265  268  272  277  280  282  281
  277  271  263  254  246  239  232  227  221  215  208  199  187  175  162  148
  136  126  119  114  113  113  116  119  122
    65.0-180.0 180.0   5.0 450.0                            LAT/LON1/LON2/DLON/H
  116  121  125  129  134  140  149  159  171  184  196  207  214  219  220  219
  217  214  212  213  216  221  228  235  241  246  250  253  257  261  265  271
  276  279  281  282  280  277  274  273  273  275  279  284  290  293  293  289
  281  269  255  240  227  216  207  200  193  186  178  169  158  145  132  119
  108  100   95   93   95   99  105  111  116
    62.5-180.0 180.0   5.0 450.0                            LAT/LON1/LON2/DLON/H
  109  114  119  124  130  137  147  158  171  183  195  205  212  217  218  217
  215  213  212  214  218  224  231  237  241  243  243  243  244  247  253  260
  267  274  279  282  282  281  279  278  279  282  286  292  297  299  297  290
  277  261  242  223  207  193  183  175  168  162  154  144  133  121  108   96
   86   78   75   75   79   86   94  102  109
    60.0-180.0 180.0   5.0 450.0                            LAT/LON1/LON2/DLON/H
   98  103  108  113  120  129  141  154  168  181  193  202  208  212  214  214
  213  212  213  216  221  228  234  238  239  237  234  231  231  235  243  253
  265  275  283  288  289  289  288  287  286  288  291  296  299  300  296  287
  271  252  231  210  193  179  170  162  156  150  142  132  121  109   96   84
   74   67   63   64   68   75   83   91   98
    57.5-180.0 180.0   5.0 450.0                            LAT/LON1/LON2/DLON/H
   86   89   93   98  106  117  131  147  162  176  187  196  202  207  210  212
  213  215  217  221  227  233  237  239  237  231  225  221  221  228  240  256
  271  285  295  301  303  303  301  299  297  296  296  298  300  299  294  284
  268  248  227  208  192  181  173  167  161  155  147  137  125  113  100   88
   77   69   64   63   66   71   76   82   86
    55.0-180.0 180.0   5.0 450.0                            LAT/LON1/LON2/DLON/H
   77   76   77   81   90  103  120  137  154  169  180  189  196  202  208  213
  219  223  228  233  238  242  244  243  238  229  221  217  219  230  248  268
  287  303  314  320  322  321  318  313  309  305  303  302  301  300  295  285
  271  253  235  219  207  198  193  189  184  177  168  158  146  134  121  108
   97   87   80   75   74   75   77   77   77
    52.5-180.0 180.0   5.0 450.0                            LAT/LON1/LON2/DLON/H
   77   71   68   70   79   93  111  130  148  163  175  184  193  201  211  221
  232  241  247  252  256  258  257  253  245  234  224  220  226  241  263  287
  308  324  334  339  340  338  334  329  322  315  310  307  306  304  300  292
  281  267  253  241  233  229  225  222  216  209  199  189  177  166  154  142
  130  118  109  101   96   92   88   83   77
    50.0-180.0 180.0   5.0 450.0                            LAT/LON1/LON2/DLON/H
   90   79   71   71   77   91  109  128  146  162  175  185  195  207  221  238
  254  267  275  280  282  281  278  271  260  246  235  232  240  258  282  307
  328  342  350  354  354  352  348  342  335  327  320  316  314  313  311  306
  298  288  278  270  266  263  261  257  250  242  231  221  211  201  191  181
  170  158  147  137  129  121  112  102   90
    47.5-180.0 180.0   5.0 450.0                            LAT/LON1/LON2/DLON/H
  116  101   89   85   89  100  116  135  152  168  181  193  206  221  241  262
  283  300  310  314  313  311  305  296  283  268  255  250  258  276  300  323
  341  352  359  362  364  363  360  355  347  340  333  329  328  328  328  325
  319  311  303  298  295  293  290  284  276  266  256  246  238  232  225  218
  209  198  187  177  167  157  145  132  116
    45.0-180.0 180.0   5.0 450.0                            LAT/LON1/LON2/DLON/H
  151  134  120  113  114  122  135  150  166  182  197  211  226  245  268  293
  318  336  346  349  347  343  337  327  312  295  279  272  277  292  312  331
  345  355  362  368  373  375  374  369  363  357  351  348  348  349  349  347
  342  334  326  320  316  312  306  298  287  277  267  260  255  252  249  246
  240  232  223  213  203  194  182  168  151
    42.5-180.0 180.0   5.0 450.0                            LAT/LON1/LON2/DLON/H
  187  171  157  149  147  151  160  172  186  203  220  237  255  276  300  327
  352  371  380  381  377  373  368  359  344  325  306  295  296  306  321  334
  345  355  366  379  390  396  397  392  386  381  377  375  375  377  376  373
  365  354  343  334  327  320  311  300  287  276  268  263  261  261  262  262
  260  255  248  240  232  224  215  202  187
    40.0-180.0 180.0   5.0 450.0                            LAT/LON1/LON2/DLON/H
  217  203  191  183  180  181  186  195  209  227  248  269  289  310  334  359
  382  399  405  405  401  398  395  388  374  354  333  319  315  320  329  338
  349  364  384  407  427  437  437  430  422  416  412  411  412  412  409  402
  390  373  358  344  334  324  312  298  284  273  266  263  263  265  268  270
  270  267  261  255  249  244  237  229  217
    37.5-180.0 180.0   5.0 450.0                            LAT/LON1/LON2/DLON/H
  234  224  216  210  206  206  208  215  229  250  276  301  324  345  366  387
  406  418  422  420  417  416  417  413  401  382  360  344  336  338  344  353
  367  391  426  463  492  504  500  487  473  464  460  458  457  455  449  437
  418  396  375  357  344  332  319  304  290  279  272  270  269  271  273  275
  275  272  266  260  255  251  247  242  234
    35.0-180.0 180.0   5.0 450.0                            LAT/LON1/LON2/DLON/H
  238  232  226  222  219  218  219  226  242  268  300  330  355  375  392  408
  421  429  430  428  427  429  433  433  425  407  387  372  365  367  374  386
  408  446  497  549  587  598  586  562  540  525  519  515  512  506  496  478
  454  426  400  380  367  355  342  328  314  303  296  292  289  287  286  286
  284  279  271  262  255  250  246  243  238
    32.5-180.0 180.0   5.0 450.0                            LAT/LON1/LON2/DLON/H
  231  227  222  220  218  217  219  227  246  277  315  351  378  397  411  422
  431  434  434  432  434  440  447  451  445  432  416  406  405  412  424  443
  476  529  596  661  704  710  687  649  616  595  585  579  573  564  550  528
  499  466  437  417  405  397  387  374  361  351  342  335  327  320  314  310
  303  294  282  268  256  247  241  236  231
    30.0-180.0 180.0   5.0 450.0                            LAT/LON1/LON2/DLON/H
  223  216  210  207  205  205  208  218  241  277  320  361  391  410  422  431
  436  439  438  438  443  452  462  468  466  458  450  449  457  473  494  523
  567  632  712  785  827  825  787  736  693  667  654  646  637  625  608  583
  550  515  484  465  457  454  448  438  427  416  406  394  381  368  358  348
  338  323  305  286  267  251  239  230  223
    27.5-180.0 180.0   5.0 450.0                            LAT/LON1/LON2/DLON/H
  218  206  197  190  188  188  192  204  229  269  316  361  393  414  427  436
  442  445  447  451  459  470  481  488  489  488  490  500  520  548  580  618
  670  743  827  901  937  923  872  810  761  732  719  710  699  685  666  639
  603  564  533  516  512  513  512  506  497  487  475  461  443  426  412  399
  384  365  342  316  290  267  248  232  218
    25.0-180.0 180.0   5.0 450.0                            LAT/LON1/LON2/DLON/H
  224  205  189  178  173  173  177  189  215  255  305  351  386  410  426  439
  449  457  464  472  483  495  505  512  516  522  535  557  590  629  671  715
  771  842  923  988 1013  988  928  861  811  784  773  765  754  738  717  687
  648  606  572  554  553  558  561  559  553  545  535  519  501  482  467  453
  437  415  387  357  325  295  268  245  224
    22.5-180.0 180.0   5.0 450.0                            LAT/LON1/LON2/DLON/H
  241  215  192  174  166  164  167  178  202  241  289  336  373  400  423  442
  460  474  486  500  513  525  534  540  547  561  583  617  660  708  755  802
  854  917  984 1034 1045 1010  947  882  839  820  813  807  796  779  755  721
  676  628  588  568  566  573  579  580  579  576  569  557  540  525  512  500
  484  461  432  399  363  328  296  267  241
    20.0-180.0 180.0   5.0 450.0                            LAT/LON1/LON2/DLON/H
  263  232  203  181  168  164  165  173  193  228  274  319  358  389  418  446
  472  493  512  530  546  557  564  570  581  601  632  674  723  775  823  867
  910  958 1005 1036 1032  992  932  879  849  840  839  835  823  804  775  734
  681  623  576  549  544  549  556  561  565  570  570  565  554  544  536  529
  516  494  466  432  396  359  325  293  263
    17.5-180.0 180.0   5.0 450.0                            LAT/LON1/LON2/DLON/H
  284  252  220  194  178  172  170  173  188  218  260  304  343  378  413  450
  483  512  536  558  576  587  592  599  615  642  679  724  774  825  870  907
  938  967  992 1001  985  945  896  860  847  849  854  850  836  812  776  726
  661  592  534  499  487  490  496  504  516  530  541  544  542  538  537  535
  525  506  479  447  413  378  344  314  284
    15.0-180.0 180.0   5.0 450.0                            LAT/LON1/LON2/DLON/H
  295  266  234  208  191  183  178  177  186  212  250  293  332  370  410  453
  492  526  554  579  598  610  616  626  647  680  722  766  812  857  896  924
  941  952  957  949  925  890  857  841  843  854  861  855  836  806  762  700
  623  541  473  430  413  411  417  429  448  472  494  506  510  513  517  518
  511  494  469  439  408  376  347  321  295
    12.5-180.0 180.0   5.0 450.0                            LAT/LON1/LON2/DLON/H
  291  268  241  217  201  191  184  179  184  207  243  285  325  365  409  455
  498  533  564  591  612  625  635  649  676  715  758  799  838  874  905  925
  932  929  918  899  874  848  832  833  847  861  865  854  829  792  738  665
  577  486  412  364  342  338  344  358  384  417  446  465  474  478  483  486
  479  462  438  410  382  354  330  310  291
    10.0-180.0 180.0   5.0 450.0                            LAT/LON1/LON2/DLON/H
  273  257  236  217  203  194  184  176  179  201  238  281  323  364  408  455
  498  534  565  593  617  635  649  670  704  747  789  824  854  882  905  919
  920  909  891  869  847  832  832  845  863  873  869  850  819  775  714  633
  538  445  370  323  302  298  304  320  348  385  419  439  446  447  449  448
  439  419  394  367  341  317  298  284  273
     7.5-180.0 180.0   5.0 450.0                            LAT/LON1/LON2/DLON/H
  244  235  221  206  195  187  177  167  170  193  233  279  323  365  409  455
  496  530  561  591  619  642  663  691  730  775  814  844  866  885  903  913
  912  902  885  866  851  848  857  875  889  889  873  845  809  761  697  614
  520  432  365  327  312  310  316  331  358  393  423  438  437  430  423  416
  401  377  348  320  294  273  257  249  244
     5.0-180.0 180.0   5.0 450.0                            LAT/LON1/LON2/DLON/H
  211  208  199  189  180  173  162  152  156  182  227  278  325  368  411  454
  492  525  555  588  621  651  680  715  757  800  836  859  874  888  901  910
  912  906  897  886  881  886  900  914  917  902  874  839  801  755  692  614
  530  456  405  382  378  380  385  394  414  440  460  463  450  430  412  395
  372  342  310  280  254  233  219  213  211
     2.5-180.0 180.0   5.0 450.0                            LAT/LON1/LON2/DLON/H
  183  181  175  168  161  154  143  134  140  169  219  275  326  370  413  454
  491  522  553  589  628  667  703  742  784  824  853  870  880  890  900  909
  914  916  917  918  922  931  943  948  936  906  868  830  795  755  700  634
  566  513  485  481  489  496  497  497  503  514  519  506  478  444  414  387
  357  322  286  254  228  206  191  185  183
