COD0OPSRAP_20242160000_01D_01H_GIM.INX
     1.0            IONOSPHERE MAPS     GNSS                IONEX VERSION / TYPE
ADDNEQ2 V5.5        AIUB                04-AUG-24 08:02     PGM / RUN BY / DATE 
CODE'S RAPID IONOSPHERE MAPS FOR DAY 216, 2024              COMMENT             
Global ionosphere maps (GIM) are generated on a daily basis DESCRIPTION         
at CODE using data from about 120 GNSS sites of the IGS and DESCRIPTION         
other institutions. The vertical total electron content     DESCRIPTION         
(VTEC) is modeled in a solar-geomagnetic reference frame    DESCRIPTION         
using a spherical harmonics expansion up to degree and      DESCRIPTION         
order 15. Piece-wise linear functions are used for          DESCRIPTION         
representation in the time domain. The time spacing of      DESCRIPTION         
their vertices is 1 hour, conforming with the epochs of the DESCRIPTION         
VTEC maps.                                                  DESCRIPTION         
To convert line-of-sight TEC into vertical TEC, a modified  DESCRIPTION         
single-layer model mapping function approximating the JPL   DESCRIPTION         
extended slab model mapping function is adopted. The        DESCRIPTION         
mapping function is evaluated at geodetic satellite         DESCRIPTION         
elevation angles. For the computation of the ionospheric    DESCRIPTION         
pierce points, a spherical layer with a radius of 6821 km   DESCRIPTION         
is assumed, implying geocentric, not geodetic IONEX         DESCRIPTION         
latitudes.                                                  DESCRIPTION         
Instrumental biases with respect to each involved GNSS code DESCRIPTION         
observable are estimated as constant values for each        DESCRIPTION         
day. They are modeled with one set of bias parameters for   DESCRIPTION         
each satellite and each station in case of GPS and for each DESCRIPTION         
satellite-station link in case of GLONASS. The code bias    DESCRIPTION         
datum is defined by zero-mean conditions imposed on the     DESCRIPTION         
satellite bias estimates. In this file, just GPS C1W-C2W    DESCRIPTION         
satellite and station bias values are included. The         DESCRIPTION         
complete set of GNSS code bias results is provided in an    DESCRIPTION         
additional Bias-SINEX file as pseudo-absolute values        DESCRIPTION         
specific to each observable.                                DESCRIPTION         
Note: These GIM results correspond to the results for the   DESCRIPTION         
last day of a 3-day combination analysis solving for 73     DESCRIPTION         
times 256, or 18688 VTEC parameters and 3 daily sets of     DESCRIPTION         
GNSS code bias parameters.                                  DESCRIPTION         
Contact address: code(at)aiub.unibe.ch                      DESCRIPTION         
Data archive:    ftp.aiub.unibe.ch/CODE/                    DESCRIPTION         
                 www.aiub.unibe.ch/download/CODE/           DESCRIPTION         
  2024     8     3     0     0     0                        EPOCH OF FIRST MAP  
  2024     8     4     0     0     0                        EPOCH OF LAST MAP   
  3600                                                      INTERVAL            
[...]
    87.5 -87.5  -2.5                                        LAT1 / LAT2 / DLAT  
  -180.0 180.0   5.0                                        LON1 / LON2 / DLON  
    -1                                                      EXPONENT            
TEC/RMS values in 0.1 TECU; 9999, if no value available     COMMENT             
Peak TEC values for the included maps:                      COMMENT             
 890  878  865  852  862  877  904  939  963  924  856  822 COMMENT             
 844  852  858  847  844  831  829  835  845  869  893  916 COMMENT             
 930                                                        COMMENT             
List of stations:                                           COMMENT             
adis albh algo amu2 areq ascg aspa azgb bake barh bjfs bndy COMMENT             
bogo bor1 braz brft brst brux bshm cas1 ccj2 cedu chur cord COMMENT             
cpvg cpxf cro1 daej dgar dubo fair flin flrs frdn func ganp COMMENT             
glps glsv gode gold gope gras graz guam hers hert hnpt hofn COMMENT             
holm hrao iisc ineg invk iqal joz2 jplm kerg kir0 kit3 kour COMMENT             
lpal lpgs mal2 mas1 mat1 mate mcm4 mizu mkea mtka nano nklg COMMENT             
nnor ntus nya1 onsa park pdel pert pimo pots qaq1 rabt ramo COMMENT             
reun reyk rio2 sant sch2 scub sofi sthl stjo str2 suth syog COMMENT             
tabv tash thti thu2 tn22 tskb ulab unb3 unbj unsa urum usud COMMENT             
vald whit wind wtzz xmis yel2 yell ykro zim2 zimm           COMMENT             
                                                            END OF HEADER       
[from data line 9438]
    23                                                      START OF TEC MAP    
  2024     8     3    22     0     0                        EPOCH OF CURRENT MAP
    87.5-180.0 180.0   5.0 450.0                            LAT/LON1/LON2/DLON/H
  202  203  205  206  208  209  211  212  214  216  217  219  220  221  222  223
  224  225  225  225  225  225  225  224  224  223  222  221  220  219  217  216
  215  213  212  210  209  207  206  205  203  202  201  200  199  198  197  196
  196  195  195  194  194  194  193  193  193  193  193  193  194  194  194  195
  195  196  196  197  198  199  200  201  202
    85.0-180.0 180.0   5.0 450.0                            LAT/LON1/LON2/DLON/H
  190  192  194  197  200  203  207  210  214  218  221  224  228  230  233  235
  237  238  238  239  239  238  237  236  234  232  230  228  225  222  220  217
  214  211  208  206  203  200  198  196  194  192  190  189  187  186  185  184
  184  183  183  182  182  182  182  182  182  182  183  183  183  183  183  183
  184  184  184  185  185  186  187  189  190
    82.5-180.0 180.0   5.0 450.0                            LAT/LON1/LON2/DLON/H
  177  178  181  184  188  192  198  203  209  215  220  226  231  235  239  241
  243  245  245  245  244  243  241  238  236  233  230  226  223  219  215  211
  208  204  200  197  194  191  188  185  183  181  179  178  176  175  175  174
  174  174  174  174  174  175  175  176  177  177  178  179  179  179  179  179
  178  178  177  176  176  175  175  176  177
    80.0-180.0 180.0   5.0 450.0                            LAT/LON1/LON2/DLON/H
  166  166  168  171  175  181  187  194  202  210  217  224  230  235  239  241
  243  243  243  241  239  237  234  231  228  224  221  217  213  209  205  201
  198  194  190  187  184  181  178  175  173  172  170  169  168  167  167  167
  167  167  168  168  169  170  172  173  175  177  178  180  181  182  183  183
  182  180  178  176  173  171  168  167  166
    77.5-180.0 180.0   5.0 450.0                            LAT/LON1/LON2/DLON/H
  162  160  160  162  166  172  179  187  196  205  214  221  228  232  235  236
  236  234  232  229  226  222  219  215  212  209  206  202  199  196  192  189
  186  183  180  177  174  172  169  167  166  164  163  163  162  162  162  162
  163  163  164  164  166  167  169  172  175  178  182  185  188  191  192  193
  193  191  188  184  179  174  170  165  162
    75.0-180.0 180.0   5.0 450.0                            LAT/LON1/LON2/DLON/H
  167  163  161  161  164  169  177  185  195  205  214  221  226  229  229  228
  224  220  215  211  206  202  199  196  193  191  188  186  184  182  179  177
  175  172  170  168  166  164  163  161  160  159  158  158  158  158  159  159
  159  160  160  161  162  163  166  169  173  178  184  190  196  201  205  207
  208  207  204  199  193  187  180  173  167
    72.5-180.0 180.0   5.0 450.0                            LAT/LON1/LON2/DLON/H
  180  174  170  169  170  174  181  190  199  209  218  224  228  228  225  220
  214  206  199  193  187  183  180  178  176  175  174  172  171  169  168  166
  165  164  162  161  160  158  157  155  154  153  153  153  153  154  155  155
  155  156  156  156  156  157  160  163  169  175  183  192  200  208  215  219
  222  222  220  216  211  204  196  188  180
    70.0-180.0 180.0   5.0 450.0                            LAT/LON1/LON2/DLON/H
  197  190  185  182  181  184  190  199  208  218  226  232  234  232  226  218
  208  198  189  181  175  172  169  168  167  166  165  164  163  161  160  158
  157  157  156  155  154  153  151  149  148  147  146  146  147  148  149  149
  150  150  149  149  149  149  151  155  161  169  179  189  200  210  219  226
  231  233  232  230  225  220  212  205  197
    67.5-180.0 180.0   5.0 450.0                            LAT/LON1/LON2/DLON/H
  212  206  200  196  195  197  202  209  219  229  237  243  244  240  233  223
  211  199  189  181  176  172  171  170  169  168  166  164  161  158  156  155
  153  152  152  151  150  148  146  144  142  140  139  138  139  140  141  142
  142  142  142  141  140  140  142  146  152  161  172  184  196  207  217  225
  230  234  235  235  233  229  224  219  212
    65.0-180.0 180.0   5.0 450.0                            LAT/LON1/LON2/DLON/H
  222  217  212  208  206  206  210  218  228  238  248  254  256  253  245  234
  222  210  200  193  189  186  185  184  182  179  176  172  167  163  159  156
  154  152  151  150  148  145  143  139  136  133  131  130  130  131  132  134
  134  134  134  133  132  132  133  137  144  154  165  177  189  200  209  216
  221  225  227  228  229  229  228  226  222
    62.5-180.0 180.0   5.0 450.0                            LAT/LON1/LON2/DLON/H
  224  222  218  214  211  211  214  221  231  243  254  263  267  266  260  251
  240  230  221  216  212  210  209  207  204  199  194  187  181  174  169  164
  161  158  156  153  151  147  143  139  135  131  128  126  125  125  126  127
  127  127  127  126  125  126  128  132  139  149  160  172  183  192  199  204
  207  209  211  214  217  220  223  225  224
    60.0-180.0 180.0   5.0 450.0                            LAT/LON1/LON2/DLON/H
  221  221  219  216  213  212  214  220  230  243  256  267  275  277  275  268
  260  252  247  243  241  239  237  234  230  224  217  209  201  193  186  180
  176  171  168  164  159  155  150  145  139  134  130  126  124  123  123  123
  123  123  123  122  122  123  126  131  139  149  161  172  181  188  192  193
  193  194  195  198  202  208  214  218  221
    57.5-180.0 180.0   5.0 450.0                            LAT/LON1/LON2/DLON/H
  218  219  219  216  213  211  212  217  226  239  254  268  278  284  285  283
  278  273  270  268  267  266  264  260  255  249  242  234  226  218  211  204
  197  191  186  180  174  169  163  157  151  145  139  134  131  128  126  125
  124  123  122  121  121  123  127  134  143  155  166  177  186  190  191  190
  187  185  185  187  192  199  207  213  218
    55.0-180.0 180.0   5.0 450.0                            LAT/LON1/LON2/DLON/H
  221  223  223  221  217  215  214  217  225  236  250  265  278  287  291  291
  289  287  286  285  285  284  283  280  276  271  266  260  254  247  239  231
  223  215  208  201  194  187  181  175  169  162  155  149  143  139  135  132
  130  127  125  124  124  126  132  140  151  164  177  188  197  201  200  198
  194  191  190  191  196  202  209  216  221
    52.5-180.0 180.0   5.0 450.0                            LAT/LON1/LON2/DLON/H
  237  239  238  236  232  229  226  226  230  238  250  263  276  286  292  294
  294  292  292  292  293  293  292  291  290  289  287  285  281  275  267  258
  249  239  230  222  214  207  201  196  190  183  175  167  160  154  149  144
  139  135  131  129  129  132  138  147  160  175  190  204  213  218  219  217
  214  212  212  214  218  223  228  233  237
    50.0-180.0 180.0   5.0 450.0                            LAT/LON1/LON2/DLON/H
  268  269  267  265  261  256  251  247  246  249  256  266  276  285  291  292
  292  291  290  290  291  293  294  296  298  301  304  304  302  297  290  280
  269  258  248  239  232  225  220  215  210  203  195  187  178  171  165  159
  152  146  141  137  137  139  145  155  169  186  204  221  233  241  245  247
  248  250  252  255  259  262  265  267  268
    47.5-180.0 180.0   5.0 450.0                            LAT/LON1/LON2/DLON/H
  314  313  310  307  302  296  289  281  275  271  272  275  282  287  291  291
  289  286  285  285  286  289  292  297  303  309  315  318  317  311  303  292
  281  269  259  251  244  240  236  232  228  221  213  203  195  187  180  174
  167  159  152  148  146  148  154  163  178  197  218  238  255  267  276  283
  290  297  304  310  314  315  316  315  314
    45.0-180.0 180.0   5.0 450.0                            LAT/LON1/LON2/DLON/H
  369  366  362  358  353  346  336  325  314  303  296  294  294  296  296  294
  289  285  282  281  283  287  292  299  307  315  322  324  322  315  305  294
  282  272  264  257  253  250  248  245  241  235  226  216  208  201  195  188
  181  173  165  160  158  159  163  172  187  207  231  254  275  292  306  320
  334  348  360  369  375  376  375  372  369
    42.5-180.0 180.0   5.0 450.0                            LAT/LON1/LON2/DLON/H
  425  421  417  412  405  397  387  373  357  341  328  319  315  313  310  305
  298  292  287  285  287  292  298  306  315  321  325  324  319  310  299  288
  278  270  265  262  260  260  259  256  252  246  237  227  219  212  207  202
  194  186  179  174  172  172  175  183  197  217  243  270  294  315  334  353
  373  394  412  425  432  434  432  429  425
    40.0-180.0 180.0   5.0 450.0                            LAT/LON1/LON2/DLON/H
  476  472  467  461  454  445  434  419  401  382  364  351  343  338  334  327
  318  310  303  301  302  306  312  319  325  329  328  322  313  302  291  281
  274  270  269  270  272  273  272  269  264  257  247  238  229  223  219  214
  207  199  192  189  187  188  190  195  208  228  255  284  310  333  356  379
  404  429  452  468  477  481  481  479  476
    37.5-180.0 180.0   5.0 450.0                            LAT/LON1/LON2/DLON/H
  515  512  508  501  493  483  472  458  440  420  402  387  378  371  366  358
  349  339  330  326  326  328  333  337  339  338  331  321  310  298  288  281
  278  279  282  288  292  293  291  286  280  272  262  252  243  237  232  226
  219  211  206  204  204  205  206  209  220  240  267  296  323  348  371  396
  424  452  477  496  507  512  515  515  515
    35.0-180.0 180.0   5.0 450.0                            LAT/LON1/LON2/DLON/H
  541  541  537  530  521  511  501  488  473  456  440  426  417  410  405  397
  387  375  364  358  354  354  356  357  355  349  339  326  314  304  297  294
  295  300  308  316  321  321  316  309  301  292  282  271  262  254  247  240
  231  223  218  218  221  222  222  223  231  250  277  306  333  357  380  405
  433  462  488  507  520  528  533  538  541
    32.5-180.0 180.0   5.0 450.0                            LAT/LON1/LON2/DLON/H
  556  559  557  550  541  532  522  513  502  490  478  467  459  454  448  440
  428  414  400  390  383  379  377  374  370  362  351  339  329  323  321  322
  326  334  344  353  357  354  345  335  325  317  307  296  285  275  265  254
  243  234  229  231  235  236  235  234  241  258  284  312  339  362  384  408
  434  462  487  507  521  531  540  549  556
    30.0-180.0 180.0   5.0 450.0                            LAT/LON1/LON2/DLON/H
  564  571  572  566  558  549  542  537  531  525  518  511  506  501  494  484
  469  452  434  418  406  397  392  388  383  376  368  360  355  354  356  360
  365  373  383  390  391  384  372  358  348  341  333  323  311  297  284  270
  255  244  239  240  245  246  243  240  244  260  284  312  338  361  383  405
  430  456  480  499  514  527  539  552  564
    27.5-180.0 180.0   5.0 450.0                            LAT/LON1/LON2/DLON/H
  570  582  586  583  577  571  566  564  563  563  563  560  556  551  542  528
  509  486  463  441  423  409  401  396  393  391  388  387  389  392  395  397
  400  406  413  417  414  403  386  372  363  359  355  347  334  318  301  284
  267  253  246  246  249  249  244  239  241  254  277  304  331  355  377  400
  423  448  471  491  507  521  537  554  570
    25.0-180.0 180.0   5.0 450.0                            LAT/LON1/LON2/DLON/H
  579  594  602  603  601  598  597  598  602  608  613  614  611  604  591  572
  548  519  488  460  436  417  406  401  402  405  410  416  421  425  425  422
  420  421  423  423  416  401  383  369  364  366  367  362  350  332  314  295
  276  261  251  248  248  245  238  230  230  241  262  289  317  344  369  393
  417  441  464  485  502  519  537  558  579
    22.5-180.0 180.0   5.0 450.0                            LAT/LON1/LON2/DLON/H
  591  611  623  628  631  633  636  640  648  658  667  671  669  659  642  618
  587  551  514  480  449  426  412  407  411  420  430  439  445  444  437  425
  415  409  407  403  393  376  359  349  349  357  364  364  353  337  319  301
  283  266  254  247  242  235  225  215  212  221  240  267  297  329  359  387
  412  437  461  483  503  522  542  566  591
    20.0-180.0 180.0   5.0 450.0                            LAT/LON1/LON2/DLON/H
  607  630  646  656  664  671  678  685  696  708  721  728  725  714  693  664
  628  588  546  505  470  442  424  419  423  433  445  453  453  444  424  401
  382  370  365  359  347  331  317  313  320  335  348  352  345  331  316  302
  286  270  254  242  232  220  207  196  192  198  215  242  275  313  350  383
  411  437  463  487  509  530  552  579  607
    17.5-180.0 180.0   5.0 450.0                            LAT/LON1/LON2/DLON/H
  627  652  670  683  696  708  719  729  740  755  769  778  776  764  742  711
  673  630  585  541  502  469  448  438  439  446  453  455  446  423  391  356
  329  314  307  301  290  277  268  271  285  305  323  330  326  316  306  296
  285  269  251  234  218  203  188  177  172  177  192  218  255  299  343  382
  413  441  469  496  520  542  567  596  627
    15.0-180.0 180.0   5.0 450.0                            LAT/LON1/LON2/DLON/H
  648  674  692  706  722  738  753  764  776  791  806  816  816  806  785  756
  719  676  631  587  545  509  482  466  460  458  455  446  425  390  346  303
  272  256  250  245  237  228  225  233  253  276  295  304  302  296  290  286
  279  264  244  223  203  186  171  161  157  160  173  198  238  289  340  384
  419  449  480  509  534  557  584  616  648
    12.5-180.0 180.0   5.0 450.0                            LAT/LON1/LON2/DLON/H
  672  696  712  724  740  759  777  789  801  814  828  838  840  833  818  794
  762  723  682  639  597  558  525  501  483  469  454  433  402  358  306  260
  229  216  213  210  204  199  201  213  234  257  275  282  280  275  272  271
  267  254  232  208  186  169  157  150  148  150  161  185  227  282  339  388
  427  460  493  524  550  575  603  638  672
    10.0-180.0 180.0   5.0 450.0                            LAT/LON1/LON2/DLON/H
  696  719  730  738  752  772  791  804  813  824  835  844  847  844  835  819
  795  764  728  689  648  608  570  537  507  480  453  423  385  339  288  244
  218  209  209  207  202  199  203  217  236  254  266  269  264  258  255  254
  250  237  214  188  167  153  147  144  144  146  154  177  219  278  339  392
  434  471  507  540  567  593  624  661  696
     7.5-180.0 180.0   5.0 450.0                            LAT/LON1/LON2/DLON/H
  722  742  747  750  761  781  800  812  819  824  830  836  839  839  837  830
  815  792  763  729  691  651  610  570  530  491  455  421  385  345  302  267
  247  243  243  240  234  230  234  245  258  268  271  268  258  247  240  235
  228  212  189  164  147  138  138  141  143  145  151  171  212  271  335  392
  439  480  519  554  584  611  645  686  722
     5.0-180.0 180.0   5.0 450.0                            LAT/LON1/LON2/DLON/H
  746  764  765  763  771  789  809  820  822  822  821  820  820  822  825  825
  818  803  781  752  718  680  639  595  549  504  464  433  406  378  349  325
  312  309  308  301  291  284  284  290  294  294  288  276  260  242  227  214
  201  181  157  136  123  122  128  136  141  142  145  163  202  259  324  383
  435  481  525  564  596  626  664  708  746
     2.5-180.0 180.0   5.0 450.0                            LAT/LON1/LON2/DLON/H
  764  783  782  778  784  802  821  831  830  823  814  805  799  798  803  807
  806  797  780  756  727  692  654  610  563  517  480  457  445  434  421  407
  398  393  385  372  356  345  341  339  334  323  308  289  266  239  214  191
  169  145  122  104   98  103  115  126  132  132  134  148  183  238  302  363
  419  472  521  564  600  634  676  724  764
