COD0OPSRAP_20242180000_01D_01H_GIM.INX
     1.0            IONOSPHERE MAPS     GNSS                IONEX VERSION / TYPE
ADDNEQ2 V5.5        AIUB                06-AUG-24 08:11     PGM / RUN BY / DATE 
CODE'S RAPID IONOSPHERE MAPS FOR DAY 218, 2024              COMMENT             
Global ionosphere maps (GIM) are generated on a daily basis DESCRIPTION         
at CODE using data from about 120 GNSS sites of the IGS and DESCRIPTION         
other institutions. The vertical total electron content     DESCRIPTION         
(VTEC) is modeled in a solar-geomagnetic reference frame    DESCRIPTION         
using a spherical harmonics expansion up to degree and      DESCRIPTION         
order 15. Piece-wise linear functions are used for          DESCRIPTION         
representation in the time domain. The time spacing of      DESCRIPTION         
their vertices is 1 hour, conforming with the epochs of the DESCRIPTION         
VTEC maps.                                                  DESCRIPTION         
To convert line-of-sight TEC into vertical TEC, a modified  DESCRIPTION         
single-layer model mapping function approximating the JPL   DESCRIPTION         
extended slab model mapping function is adopted. The        DESCRIPTION         
mapping function is evaluated at geodetic satellite         DESCRIPTION         
elevation angles. For the computation of the ionospheric    DESCRIPTION         
pierce points, a spherical layer with a radius of 6821 km   DESCRIPTION         
is assumed, implying geocentric, not geodetic IONEX         DESCRIPTION         
latitudes.                                                  DESCRIPTION         
Instrumental biases with respect to each involved GNSS code DESCRIPTION         
observable are estimated as constant values for each        DESCRIPTION         
day. They are modeled with one set of bias parameters for   DESCRIPTION         
each satellite and each station in case of GPS and for each DESCRIPTION         
satellite-station link in case of GLONASS. The code bias    DESCRIPTION         
datum is defined by zero-mean conditions imposed on the     DESCRIPTION         
satellite bias estimates. In this file, just GPS C1W-C2W    DESCRIPTION         
satellite and station bias values are included. The         DESCRIPTION         
complete set of GNSS code bias results is provided in an    DESCRIPTION         
additional Bias-SINEX file as pseudo-absolute values        DESCRIPTION         
specific to each observable.                                DESCRIPTION         
Note: These GIM results correspond to the results for the   DESCRIPTION         
last day of a 3-day combination analysis solving for 73     DESCRIPTION         
times 256, or 18688 VTEC parameters and 3 daily sets of     DESCRIPTION         
GNSS code bias parameters.                                  DESCRIPTION         
Contact address: code(at)aiub.unibe.ch                      DESCRIPTION         
Data archive:    ftp.aiub.unibe.ch/CODE/                    DESCRIPTION         
                 www.aiub.unibe.ch/download/CODE/           DESCRIPTION         
  2024     8     5     0     0     0                        EPOCH OF FIRST MAP  
  2024     8     6     0     0     0                        EPOCH OF LAST MAP   
  3600                                                      INTERVAL            
[...]
    87.5 -87.5  -2.5                                        LAT1 / LAT2 / DLAT  
  -180.0 180.0   5.0                                        LON1 / LON2 / DLON  
    -1                                                      EXPONENT            
TEC/RMS values in 0.1 TECU; 9999, if no value available     COMMENT             
Peak TEC values for the included maps:                      COMMENT             
 984  981  966  966  949  942  996 1031 1026  989  944  908 COMMENT             
 880  881  906  914  919  938  903  912  935  967 1000 1030 COMMENT             
1045                                                        COMMENT             
List of stations:                                           COMMENT             
adis albh algo alic amu2 areq ascg aspa auck bake bjfs bogo COMMENT             
bor1 braz brft brst brux bshm cas1 ccj2 cedu chti chur cord COMMENT             
cpvg cro1 darw dav1 dgar dubo fair flin flrs frdn func ganp COMMENT             
glps gode gope gras guam hert hnpt hob2 hofn holm hrao iisc COMMENT             
ineg invk iqal joz2 jplm kerg kir0 kit3 kour lpal lpgs mac1 COMMENT             
mal2 mas1 mat1 mate maw1 mcm4 mizu mkea mobs mtka nano nklg COMMENT             
nnor ntus nya1 onsa park pdel pert pimo pots qaq1 rabt ramo COMMENT             
reun reyk rio2 sant sch2 scub sofi sthl stjo str2 suth sydn COMMENT             
syog tabv tash thti thu2 tid1 tn22 tow2 ulab unb3 unbj unsa COMMENT             
urum usud vald whit wind wtzz xmis yarr yel2 ykro zim2 zimm COMMENT             
                                                            END OF HEADER       
[from data line 8580]
    21                                                      START OF TEC MAP    
  2024     8     5    20     0     0                        EPOCH OF CURRENT MAP
    87.5-180.0 180.0   5.0 450.0                            LAT/LON1/LON2/DLON/H
  211  211  210  209  209  208  208  207  207  206  205  205  204  204  203  202
  202  201  200  199  198  197  196  195  194  193  192  192  191  190  189  189
  189  188  188  188  188  189  189  190  191  192  193  194  195  197  198  200
  201  203  204  206  208  209  210  211  212  213  214  215  215  215  215  215
  215  215  215  214  214  213  212  212  211
    85.0-180.0 180.0   5.0 450.0                            LAT/LON1/LON2/DLON/H
  211  209  208  208  207  207  207  207  207  207  207  207  207  207  207  206
  206  205  204  202  201  199  198  196  194  192  190  188  186  184  182  180
  179  178  177  176  176  176  176  177  178  180  182  185  187  190  194  197
  201  204  208  211  215  218  221  223  225  226  227  228  228  228  227  226
  225  223  221  219  217  216  214  212  211
    82.5-180.0 180.0   5.0 450.0                            LAT/LON1/LON2/DLON/H
  201  199  198  197  198  198  200  201  203  205  207  209  211  212  213  214
  214  213  212  211  210  208  206  203  201  198  196  193  190  187  184  182
  179  177  175  173  171  170  170  170  171  172  175  177  181  185  189  194
  200  205  210  215  220  225  228  232  234  236  237  237  236  234  232  230
  227  223  220  216  212  209  206  203  201
    80.0-180.0 180.0   5.0 450.0                            LAT/LON1/LON2/DLON/H
  185  183  182  183  184  186  189  193  197  202  206  211  214  218  220  222
  223  223  223  222  221  219  217  216  213  211  209  206  203  200  197  193
  190  187  183  180  177  175  173  171  171  171  172  174  177  181  186  191
  196  202  208  214  220  225  229  233  235  237  237  236  235  232  229  225
  221  216  211  206  201  196  192  188  185
    77.5-180.0 180.0   5.0 450.0                            LAT/LON1/LON2/DLON/H
  171  169  168  169  171  174  179  185  191  198  205  212  217  222  226  229
  230  231  232  231  231  230  230  229  228  227  226  224  222  219  216  213
  209  205  201  196  192  188  184  181  178  176  175  175  176  179  182  186
  190  195  201  206  211  216  220  223  225  226  225  224  222  219  216  212
  208  203  198  193  188  183  179  175  171
    75.0-180.0 180.0   5.0 450.0                            LAT/LON1/LON2/DLON/H
  165  163  161  162  164  167  173  179  187  196  204  212  219  225  230  233
  235  236  237  237  238  238  239  240  241  242  242  241  240  239  236  233
  229  225  220  215  210  205  200  194  190  185  182  179  177  177  177  179
  181  184  187  191  194  198  200  202  203  203  202  201  200  198  196  193
  191  189  186  183  180  176  172  168  165
    72.5-180.0 180.0   5.0 450.0                            LAT/LON1/LON2/DLON/H
  170  167  165  164  165  167  172  178  186  195  204  212  220  226  231  234
  236  237  238  239  241  243  245  248  250  252  253  253  253  252  250  247
  244  240  236  231  226  220  214  207  201  195  189  183  179  175  172  170
  169  169  169  170  171  172  173  174  174  173  172  172  171  171  172  173
  175  177  179  179  179  178  176  173  170
    70.0-180.0 180.0   5.0 450.0                            LAT/LON1/LON2/DLON/H
  183  180  177  174  173  174  177  181  188  195  204  212  219  225  229  232
  234  236  237  239  241  244  247  251  253  255  256  256  256  254  252  250
  247  245  241  237  233  228  222  215  208  201  193  186  178  172  166  161
  156  153  150  148  147  145  144  143  142  141  141  141  142  145  150  156
  163  170  177  182  186  188  188  186  183
    67.5-180.0 180.0   5.0 450.0                            LAT/LON1/LON2/DLON/H
  201  198  194  190  186  185  185  187  191  197  203  210  217  222  226  229
  231  233  235  237  240  244  247  250  252  253  252  251  249  246  244  242
  240  238  237  234  232  228  223  217  210  202  194  185  177  168  160  152
  145  139  133  129  125  122  120  118  116  115  115  116  119  125  133  144
  156  168  180  190  197  202  204  204  201
    65.0-180.0 180.0   5.0 450.0                            LAT/LON1/LON2/DLON/H
  216  213  208  203  199  195  193  192  194  197  202  208  213  218  222  226
  228  231  233  236  240  244  246  248  248  246  242  239  235  231  229  227
  226  226  226  226  225  222  219  214  207  200  192  183  174  165  155  146
  138  130  122  116  111  107  104  102  100   99   99  101  106  113  124  138
  153  170  185  198  208  214  218  218  216
    62.5-180.0 180.0   5.0 450.0                            LAT/LON1/LON2/DLON/H
  222  220  216  211  206  201  197  195  194  196  199  204  209  214  219  223
  226  230  233  237  241  244  246  245  242  237  231  225  220  216  214  214
  214  216  217  218  218  217  214  210  204  197  189  181  172  163  154  144
  135  127  119  112  106  102   99   97   96   96   96   98  103  111  123  138
  155  173  189  202  212  219  223  223  222
    60.0-180.0 180.0   5.0 450.0                            LAT/LON1/LON2/DLON/H
  218  216  214  211  206  202  197  194  193  193  195  199  204  210  215  220
  225  229  234  239  243  245  245  242  237  230  222  216  211  209  209  210
  212  214  216  218  218  217  214  210  204  197  189  181  172  164  155  147
  139  131  123  116  110  106  104  103  103  103  104  106  110  117  128  143
  159  176  191  202  210  215  217  218  218
    57.5-180.0 180.0   5.0 450.0                            LAT/LON1/LON2/DLON/H
  206  206  205  204  201  197  194  191  189  189  191  195  200  205  212  218
  224  229  235  240  244  246  245  241  234  226  219  214  212  213  216  219
  222  225  227  228  228  226  222  217  210  202  193  185  176  168  161  153
  146  139  132  125  120  116  115  115  117  118  118  120  122  128  138  151
  165  179  191  199  203  205  206  206  206
    55.0-180.0 180.0   5.0 450.0                            LAT/LON1/LON2/DLON/H
  195  196  196  195  194  191  189  187  186  186  188  191  196  202  209  215
  222  228  234  240  244  246  244  240  234  227  223  222  224  229  235  240
  244  246  247  246  245  241  237  230  221  212  202  192  183  175  168  162
  156  150  143  136  131  128  127  129  132  134  135  135  137  141  149  160
  172  184  192  196  197  196  195  194  195
    52.5-180.0 180.0   5.0 450.0                            LAT/LON1/LON2/DLON/H
  192  193  193  192  190  188  186  185  185  186  188  191  195  200  207  214
  220  226  232  237  242  244  244  241  237  234  233  237  244  253  261  267
  270  270  269  267  264  259  253  245  235  225  213  202  192  183  176  171
  165  160  153  147  141  137  137  140  145  148  149  149  150  153  160  170
  181  191  197  199  197  194  192  191  192
    50.0-180.0 180.0   5.0 450.0                            LAT/LON1/LON2/DLON/H
  204  204  203  200  196  192  189  188  189  190  191  193  196  201  207  213
  219  224  229  235  240  244  245  245  244  244  248  255  266  276  284  289
  289  287  284  280  277  273  267  258  248  236  223  211  200  191  184  178
  174  169  162  155  148  144  144  147  153  157  159  159  159  162  170  181
  193  203  209  210  209  206  204  204  204
    47.5-180.0 180.0   5.0 450.0                            LAT/LON1/LON2/DLON/H
  233  231  227  221  213  206  201  199  199  199  200  200  201  204  209  214
  220  224  229  234  240  246  249  252  254  257  263  272  282  291  297  298
  294  290  286  283  281  278  273  265  255  243  230  218  206  197  190  186
  182  177  170  161  152  147  147  151  157  163  165  165  165  169  178  191
  206  219  228  232  232  232  232  233  233
    45.0-180.0 180.0   5.0 450.0                            LAT/LON1/LON2/DLON/H
  275  272  265  253  241  229  221  217  215  215  213  211  211  212  216  220
  225  229  233  238  245  252  258  263  266  270  275  282  289  293  294  290
  284  278  275  275  276  276  273  267  257  246  234  222  211  203  197  193
  190  185  177  167  158  151  150  155  161  167  169  169  169  174  185  202
  221  239  252  260  265  268  271  274  275
    42.5-180.0 180.0   5.0 450.0                            LAT/LON1/LON2/DLON/H
  322  318  309  294  277  262  250  243  239  236  232  228  225  225  228  232
  236  239  243  248  256  264  272  278  281  283  284  286  285  283  278  271
  263  259  259  263  269  273  272  267  257  247  235  225  216  210  206  204
  201  196  188  177  167  159  158  162  169  174  176  174  174  180  193  213
  236  258  276  290  299  307  314  320  322
    40.0-180.0 180.0   5.0 450.0                            LAT/LON1/LON2/DLON/H
  364  362  352  337  318  300  285  275  268  263  257  250  245  243  246  251
  255  257  259  264  272  281  289  295  296  295  290  284  277  268  259  251
  246  246  252  262  272  278  278  272  262  251  241  232  225  221  220  219
  217  213  204  193  182  174  172  176  181  186  186  183  182  187  200  222
  248  274  296  314  328  341  352  360  364
    37.5-180.0 180.0   5.0 450.0                            LAT/LON1/LON2/DLON/H
  394  394  388  375  358  339  323  312  303  296  288  278  271  269  272  277
  280  281  282  285  292  301  308  312  311  305  295  283  270  259  251  247
  249  256  268  283  296  302  300  292  279  266  254  245  240  239  240  240
  239  234  225  214  203  196  193  195  200  202  200  195  192  195  208  229
  256  283  308  329  346  362  376  387  394
    35.0-180.0 180.0   5.0 450.0                            LAT/LON1/LON2/DLON/H
  408  413  412  405  393  378  363  352  343  335  325  314  305  303  305  310
  311  310  308  308  313  320  325  327  324  316  303  289  275  267  266  272
  283  299  316  333  345  348  342  328  311  293  279  268  263  263  265  267
  265  259  250  239  229  222  218  219  220  220  216  210  204  205  214  233
  258  285  310  332  351  368  384  397  408
    32.5-180.0 180.0   5.0 450.0                            LAT/LON1/LON2/DLON/H
  407  418  424  425  421  413  402  393  385  378  368  356  347  344  346  349
  349  343  336  332  333  337  340  340  336  329  318  307  300  301  312  331
  354  376  396  410  416  411  398  378  355  333  313  299  292  291  293  294
  291  284  274  265  256  248  243  241  239  237  231  222  215  213  219  233
  254  279  303  325  345  362  378  393  407
    30.0-180.0 180.0   5.0 450.0                            LAT/LON1/LON2/DLON/H
  397  413  427  437  443  442  438  433  428  423  415  405  396  393  394  395
  391  380  367  357  353  352  352  352  350  347  343  341  346  362  389  422
  454  479  494  499  494  479  458  432  405  378  353  333  321  318  319  318
  313  304  294  285  277  269  262  256  251  247  240  231  223  218  220  229
  246  268  291  313  332  349  365  381  397
    27.5-180.0 180.0   5.0 450.0                            LAT/LON1/LON2/DLON/H
  386  405  425  444  457  465  467  468  469  469  465  457  450  448  449  448
  439  421  401  384  374  368  366  366  369  374  380  391  411  444  487  531
  566  586  589  579  559  533  504  476  447  418  389  363  346  339  337  334
  326  316  306  298  291  282  271  261  254  248  241  234  225  219  217  222
  235  254  277  299  319  336  351  368  386
    25.0-180.0 180.0   5.0 450.0                            LAT/LON1/LON2/DLON/H
  379  400  423  447  467  481  490  498  505  511  512  509  505  505  507  505
  492  469  442  418  402  392  387  389  397  411  429  453  488  534  588  636
  668  675  659  628  590  553  521  494  469  442  411  381  359  348  343  338
  329  317  308  302  295  285  270  256  246  240  235  229  222  216  212  213
  222  240  264  288  309  327  344  360  379
    22.5-180.0 180.0   5.0 450.0                            LAT/LON1/LON2/DLON/H
  380  401  424  449  473  492  506  520  534  546  554  557  558  562  566  565
  550  524  492  463  441  427  421  425  437  458  486  520  564  618  675  719
  737  725  685  632  577  531  498  478  462  442  414  383  358  344  338  332
  322  311  302  298  291  279  261  244  232  227  224  221  216  209  204  202
  210  228  254  281  306  326  344  361  380
    20.0-180.0 180.0   5.0 450.0                            LAT/LON1/LON2/DLON/H
  388  407  429  453  477  498  516  535  555  573  587  596  603  613  623  625
  613  586  552  521  496  479  472  475  491  515  547  584  630  683  733  764
  764  727  664  589  519  468  439  430  427  419  398  369  344  330  325  319
  310  300  293  290  284  270  249  229  217  213  213  212  208  201  194  192
  198  217  246  278  307  331  351  370  388
    17.5-180.0 180.0   5.0 450.0                            LAT/LON1/LON2/DLON/H
  401  419  438  460  482  503  524  545  569  592  611  625  639  656  673  682
  675  651  620  590  564  546  538  540  554  577  606  639  678  721  757  770
  748  689  604  513  434  380  358  361  374  379  368  346  324  312  309  306
  299  290  285  283  277  262  240  219  208  205  205  205  201  193  185  181
  187  207  239  275  308  337  361  382  401
    15.0-180.0 180.0   5.0 450.0                            LAT/LON1/LON2/DLON/H
  414  432  450  470  491  512  533  556  581  606  626  644  664  689  714  731
  731  716  691  664  641  623  613  613  622  638  657  679  705  732  750  744
  703  627  530  430  347  295  279  293  319  338  337  322  306  299  299  299
  294  288  284  282  276  260  237  218  208  206  206  203  196  186  176  171
  176  197  230  270  308  341  369  393  414
    12.5-180.0 180.0   5.0 450.0                            LAT/LON1/LON2/DLON/H
  425  446  465  484  505  527  549  572  597  620  639  658  681  711  744  768
  778  771  755  736  717  700  689  684  687  692  698  705  714  724  725  704
  651  569  469  369  288  239  227  247  281  309  318  311  301  298  302  304
  301  295  291  288  281  264  244  227  219  216  213  206  194  181  168  161
  165  185  220  262  303  340  372  401  425
    10.0-180.0 180.0   5.0 450.0                            LAT/LON1/LON2/DLON/H
  433  458  481  504  528  552  576  599  621  639  655  671  694  726  762  792
  809  812  805  794  780  766  753  745  739  733  725  718  713  709  698  668
  614  536  445  355  280  234  222  242  277  308  322  320  315  315  320  323
  319  311  304  299  290  275  257  244  238  234  226  212  194  177  161  152
  154  173  208  251  294  335  371  404  433
     7.5-180.0 180.0   5.0 450.0                            LAT/LON1/LON2/DLON/H
  438  469  499  529  558  587  613  636  656  669  679  690  709  739  774  804
  824  833  834  830  822  810  798  786  773  758  740  723  710  699  683  654
  607  544  470  395  330  286  270  283  311  339  352  352  348  348  352  352
  344  331  320  310  299  285  272  263  258  252  238  217  193  172  155  144
  145  162  195  238  284  328  368  405  438
     5.0-180.0 180.0   5.0 450.0                            LAT/LON1/LON2/DLON/H
  443  480  517  555  592  627  658  683  701  710  714  719  732  755  782  807
  824  835  841  843  839  830  818  804  787  768  747  727  713  701  688  666
  634  590  538  481  426  384  362  362  378  396  404  401  395  391  389  383
  368  348  329  314  302  290  281  276  272  263  244  217  189  166  148  137
  137  152  184  227  275  322  365  405  443
     2.5-180.0 180.0   5.0 450.0                            LAT/LON1/LON2/DLON/H
  448  489  533  579  624  666  703  732  751  759  759  758  764  777  793  806
  816  823  830  834  833  826  816  802  787  768  750  735  725  719  712  701
  683  659  627  588  543  502  472  459  460  464  463  455  443  432  421  406
  382  353  327  306  292  283  278  276  273  261  237  208  179  157  141  131
  130  144  175  219  269  319  365  407  448
