COD0OPSRAP_20241860000_01D_01H_GIM.INX
     1.0            IONOSPHERE MAPS     GNSS                IONEX VERSION / TYPE
ADDNEQ2 V5.5        AIUB                05-JUL-24 21:44     PGM / RUN BY / DATE 
CODE'S RAPID IONOSPHERE MAPS FOR DAY 186, 2024              COMMENT             
Global ionosphere maps (GIM) are generated on a daily basis DESCRIPTION         
at CODE using data from about 120 GNSS sites of the IGS and DESCRIPTION         
other institutions. The vertical total electron content     DESCRIPTION         
(VTEC) is modeled in a solar-geomagnetic reference frame    DESCRIPTION         
using a spherical harmonics expansion up to degree and      DESCRIPTION         
order 15. Piece-wise linear functions are used for          DESCRIPTION         
representation in the time domain. The time spacing of      DESCRIPTION         
their vertices is 1 hour, conforming with the epochs of the DESCRIPTION         
VTEC maps.                                                  DESCRIPTION         
To convert line-of-sight TEC into vertical TEC, a modified  DESCRIPTION         
single-layer model mapping function approximating the JPL   DESCRIPTION         
extended slab model mapping function is adopted. The        DESCRIPTION         
mapping function is evaluated at geodetic satellite         DESCRIPTION         
elevation angles. For the computation of the ionospheric    DESCRIPTION         
pierce points, a spherical layer with a radius of 6821 km   DESCRIPTION         
is assumed, implying geocentric, not geodetic IONEX         DESCRIPTION         
latitudes.                                                  DESCRIPTION         
Instrumental biases with respect to each involved GNSS code DESCRIPTION         
observable are estimated as constant values for each        DESCRIPTION         
day. They are modeled with one set of bias parameters for   DESCRIPTION         
each satellite and each station in case of GPS and for each DESCRIPTION         
satellite-station link in case of GLONASS. The code bias    DESCRIPTION         
datum is defined by zero-mean conditions imposed on the     DESCRIPTION         
satellite bias estimates. In this file, just GPS C1W-C2W    DESCRIPTION         
satellite and station bias values are included. The         DESCRIPTION         
complete set of GNSS code bias results is provided in an    DESCRIPTION         
additional Bias-SINEX file as pseudo-absolute values        DESCRIPTION         
specific to each observable.                                DESCRIPTION         
Note: These GIM results correspond to the results for the   DESCRIPTION         
last day of a 3-day combination analysis solving for 73     DESCRIPTION         
times 256, or 18688 VTEC parameters and 3 daily sets of     DESCRIPTION         
GNSS code bias parameters.                                  DESCRIPTION         
Contact address: code(at)aiub.unibe.ch                      DESCRIPTION         
Data archive:    ftp.aiub.unibe.ch/CODE/                    DESCRIPTION         
                 www.aiub.unibe.ch/download/CODE/           DESCRIPTION         
  2024     7     4     0     0     0                        EPOCH OF FIRST MAP  
  2024     7     5     0     0     0                        EPOCH OF LAST MAP   
  3600                                                      INTERVAL            
[...]
    87.5 -87.5  -2.5                                        LAT1 / LAT2 / DLAT  
  -180.0 180.0   5.0                                        LON1 / LON2 / DLON  
    -1                                                      EXPONENT            
TEC/RMS values in 0.1 TECU; 9999, if no value available     COMMENT             
Peak TEC values for the included maps:                      COMMENT             
 745  743  743  749  778  842  851  821  828  813  770  728 COMMENT             
 772  789  808  809  799  806  800  758  700  722  742  764 COMMENT             
 774                                                        COMMENT             
List of stations:                                           COMMENT             
adis albh alic amu2 areq ascg aspa auck bake bjfs bogo bor1 COMMENT             
braz brft brst brux cas1 ccj2 cedu chti chur cord cpvg cro1 COMMENT             
darw dav1 dgar dubo faa1 fair flin flrs frdn func ganp glps COMMENT             
gode gope gras graz guam hers hert hnpt hob2 hofn hrao iisc COMMENT             
ineg invk iqal joz2 jplm kerg kir0 kit3 kokv kour lpal lpgs COMMENT             
mac1 mal2 mas1 mat1 mate maw1 mcm4 mizu mkea mobs mtka nano COMMENT             
nklg nnor ntus nya1 onsa opmt park pdel pert pimo pots qaq1 COMMENT             
rabt ramo reun reyk rio2 sant sch2 sofi sthl stjo str2 suth COMMENT             
sydn syog tabv tash thti tid1 tn22 tow2 ulab unb3 unbj unsa COMMENT             
urum usud vald whit wind wtzz xmis yarr yel2 ykro zim2 zimm COMMENT             
                                                            END OF HEADER       
[from data line 3432]
     9                                                      START OF TEC MAP    
  2024     7     4     8     0     0                        EPOCH OF CURRENT MAP
    87.5-180.0 180.0   5.0 450.0                            LAT/LON1/LON2/DLON/H
  228  230  232  235  237  239  242  244  246  249  251  253  255  257  259  260
  261  263  263  264  264  265  265  265  264  264  263  262  261  260  259  258
  257  255  254  253  251  250  248  247  245  243  242  240  238  237  235  233
  232  230  229  227  226  224  223  222  221  220  219  219  218  218  218  218
  218  219  220  221  222  223  225  226  228
    85.0-180.0 180.0   5.0 450.0                            LAT/LON1/LON2/DLON/H
  212  215  219  223  227  232  237  241  246  251  255  259  263  267  270  273
  275  277  278  278  278  278  277  276  274  272  270  268  266  264  262  260
  258  257  255  253  252  250  248  246  245  243  241  239  237  235  232  230
  227  225  222  220  217  215  212  210  207  205  203  201  200  199  198  198
  198  198  199  200  201  203  206  209  212
    82.5-180.0 180.0   5.0 450.0                            LAT/LON1/LON2/DLON/H
  199  202  207  211  216  222  228  234  240  246  253  259  264  270  274  277
  280  282  282  282  280  278  275  272  268  265  261  258  255  252  250  248
  247  246  246  246  245  245  245  245  244  244  243  242  240  239  237  235
  233  231  228  225  222  219  216  212  209  205  202  199  196  193  191  190
  189  188  188  189  190  191  193  196  199
    80.0-180.0 180.0   5.0 450.0                            LAT/LON1/LON2/DLON/H
  195  196  199  202  206  211  216  222  229  236  243  250  257  263  268  272
  275  276  276  274  270  266  260  254  248  242  237  232  229  227  226  226
  227  228  231  234  237  239  242  244  246  248  249  250  250  251  251  250
  250  249  247  245  242  239  236  231  227  222  217  213  209  205  201  198
  196  194  193  192  192  192  193  193  195
    77.5-180.0 180.0   5.0 450.0                            LAT/LON1/LON2/DLON/H
  201  199  198  198  199  201  204  208  214  220  227  235  242  249  255  259
  262  262  261  257  252  245  236  228  219  211  205  200  196  195  196  199
  204  209  216  223  230  237  243  248  253  257  260  263  266  269  271  273
  275  276  277  276  275  272  269  264  259  253  247  241  235  230  225  222
  218  216  213  211  209  207  205  203  201
    75.0-180.0 180.0   5.0 450.0                            LAT/LON1/LON2/DLON/H
  217  211  205  200  197  195  194  196  199  203  209  216  223  230  236  241
  244  244  242  237  230  220  210  200  189  180  173  168  166  167  171  177
  186  196  207  218  230  240  249  257  264  270  276  281  285  290  295  299
  304  308  310  312  312  310  307  302  296  289  281  274  267  262  257  253
  249  247  244  241  237  233  228  223  217
    72.5-180.0 180.0   5.0 450.0                            LAT/LON1/LON2/DLON/H
  237  227  216  207  199  193  189  187  187  189  193  198  204  211  217  222
  224  225  222  217  209  199  188  176  166  157  150  147  147  150  157  167
  179  193  208  223  237  250  261  271  280  287  293  299  305  311  317  324
  330  336  341  345  346  344  341  335  328  320  312  303  296  290  286  282
  280  278  276  273  269  263  256  247  237
    70.0-180.0 180.0   5.0 450.0                            LAT/LON1/LON2/DLON/H
  256  243  229  216  205  195  188  182  179  179  180  183  188  194  199  204
  207  207  205  199  192  182  172  162  152  145  141  140  142  148  158  170
  185  201  218  235  251  265  278  288  297  304  310  316  322  328  335  342
  350  357  363  366  367  366  362  355  347  338  329  320  313  308  304  303
  302  302  302  300  296  289  280  269  256
    67.5-180.0 180.0   5.0 450.0                            LAT/LON1/LON2/DLON/H
  269  254  239  225  212  201  191  184  178  174  173  174  177  181  185  189
  192  192  190  186  179  171  163  156  150  146  146  148  153  161  172  186
  202  219  236  253  268  283  295  305  313  320  325  330  335  340  346  353
  360  366  371  373  373  370  365  357  348  339  329  321  315  311  309  309
  311  314  316  315  312  306  296  284  269
    65.0-180.0 180.0   5.0 450.0                            LAT/LON1/LON2/DLON/H
  274  259  245  231  219  208  198  189  181  175  171  170  170  172  175  178
  180  180  178  174  169  164  159  156  156  157  161  167  175  185  197  210
  225  241  256  272  286  299  311  320  328  333  337  341  344  347  351  356
  360  364  366  366  364  359  352  343  334  325  316  309  303  301  301  303
  307  312  315  317  315  309  300  288  274
    62.5-180.0 180.0   5.0 450.0                            LAT/LON1/LON2/DLON/H
  270  258  246  235  225  215  206  197  188  180  173  169  167  167  168  170
  171  170  168  164  160  158  157  159  164  172  180  190  201  212  224  236
  249  263  276  289  301  313  323  332  339  344  347  349  350  351  352  354
  355  356  354  351  346  338  330  321  312  304  296  291  287  285  286  289
  294  300  305  307  306  302  293  282  270
    60.0-180.0 180.0   5.0 450.0                            LAT/LON1/LON2/DLON/H
  263  254  245  238  231  224  216  207  197  187  177  170  165  163  163  164
  163  161  158  154  151  151  154  161  172  185  199  212  225  237  249  259
  270  281  292  302  312  323  332  341  348  353  355  356  355  354  352  351
  350  347  342  336  327  318  308  300  292  286  281  276  273  272  273  276
  280  286  290  293  292  288  281  273  263
    57.5-180.0 180.0   5.0 450.0                            LAT/LON1/LON2/DLON/H
  257  252  247  243  239  234  227  218  206  194  182  172  165  161  160  159
  157  154  150  145  142  143  149  161  176  194  212  229  243  256  267  277
  286  295  304  312  321  331  340  349  357  362  364  364  362  359  356  353
  349  344  338  329  319  308  298  290  285  280  277  274  271  269  268  269
  272  276  279  281  280  276  271  264  257
    55.0-180.0 180.0   5.0 450.0                            LAT/LON1/LON2/DLON/H
  259  256  254  253  251  246  239  229  216  201  186  174  165  160  157  156
  154  150  144  138  135  137  144  158  177  198  219  238  254  267  278  288
  297  306  314  323  331  340  350  359  367  373  376  375  372  369  365  362
  358  353  346  337  326  315  305  298  294  291  288  286  282  278  275  273
  274  275  276  276  275  271  267  262  259
    52.5-180.0 180.0   5.0 450.0                            LAT/LON1/LON2/DLON/H
  269  268  268  268  266  261  253  241  226  208  191  177  166  160  157  156
  154  149  143  136  132  133  141  156  176  199  221  241  258  272  285  296
  307  317  327  336  344  353  363  373  381  388  391  390  387  384  381  379
  378  374  369  360  350  340  331  324  320  317  314  309  304  298  293  288
  286  284  284  283  280  277  274  271  269
    50.0-180.0 180.0   5.0 450.0                            LAT/LON1/LON2/DLON/H
  287  287  287  286  283  277  267  253  236  217  198  182  170  163  160  158
  157  153  147  140  136  136  143  157  176  199  221  242  260  276  291  304
  318  331  343  353  362  372  382  392  401  407  410  410  408  405  404  405
  406  406  404  397  388  378  369  362  356  351  345  339  331  323  315  309
  305  302  301  299  296  293  290  288  287
    47.5-180.0 180.0   5.0 450.0                            LAT/LON1/LON2/DLON/H
  310  309  307  304  298  290  279  265  247  228  208  190  177  169  165  164
  164  161  156  150  145  144  149  162  179  201  223  244  263  281  299  316
  333  349  363  375  385  395  405  415  424  431  434  434  432  431  432  436
  441  444  445  441  433  424  413  403  394  385  376  366  356  347  338  331
  327  324  323  321  319  317  314  312  310
    45.0-180.0 180.0   5.0 450.0                            LAT/LON1/LON2/DLON/H
  333  329  324  318  309  300  288  274  257  239  219  201  187  178  174  173
  173  172  169  164  159  158  161  171  186  205  227  248  269  290  310  330
  350  369  385  398  409  420  430  441  450  457  460  461  460  460  463  469
  477  483  486  484  477  467  454  441  426  412  399  386  374  364  356  350
  346  345  345  346  345  342  339  336  333
    42.5-180.0 180.0   5.0 450.0                            LAT/LON1/LON2/DLON/H
  351  343  334  324  313  302  291  279  265  249  231  214  200  190  185  184
  184  184  183  179  176  174  176  184  196  213  233  255  278  301  324  346
  368  388  406  420  431  442  454  465  476  484  488  489  489  490  495  502
  511  519  522  521  514  502  488  470  451  432  414  399  386  376  368  363
  361  363  365  368  368  367  363  357  351
    40.0-180.0 180.0   5.0 450.0                            LAT/LON1/LON2/DLON/H
  362  350  337  323  309  298  288  279  269  256  242  228  214  204  198  195
  196  197  196  195  193  191  193  198  208  223  241  264  288  313  337  361
  383  403  421  435  447  459  472  486  499  509  515  517  517  520  525  533
  542  548  551  549  542  529  513  493  470  448  427  410  396  386  379  374
  374  377  382  387  389  387  381  373  362
    37.5-180.0 180.0   5.0 450.0                            LAT/LON1/LON2/DLON/H
  369  352  334  317  301  289  281  275  269  261  251  240  228  219  212  208
  207  208  209  209  208  208  210  214  222  234  250  271  296  322  346  370
  391  410  426  440  453  467  483  500  516  529  537  540  542  546  552  559
  567  572  574  570  562  551  534  514  490  466  445  428  414  403  394  388
  386  390  396  403  406  404  396  384  369
    35.0-180.0 180.0   5.0 450.0                            LAT/LON1/LON2/DLON/H
  375  354  333  312  294  281  274  270  267  263  257  250  241  233  226  222
  220  220  220  221  222  224  227  231  237  245  258  277  300  325  349  370
  390  407  423  436  450  466  485  506  526  541  551  557  561  567  574  582
  589  593  592  588  582  572  558  540  519  497  477  460  446  432  419  409
  404  406  413  420  423  419  409  394  375
    32.5-180.0 180.0   5.0 450.0                            LAT/LON1/LON2/DLON/H
  383  360  337  314  294  280  271  268  266  264  262  258  253  247  241  236
  233  232  232  233  235  240  246  251  254  258  265  279  298  321  343  363
  380  396  411  426  441  458  480  504  527  545  557  565  572  580  590  600
  608  611  611  608  603  598  589  577  561  543  526  511  495  477  457  440
  429  428  433  439  441  436  423  405  383
    30.0-180.0 180.0   5.0 450.0                            LAT/LON1/LON2/DLON/H
  398  374  351  327  306  289  279  273  270  269  268  267  265  262  258  253
  249  247  245  246  250  258  268  274  275  272  272  278  292  311  330  348
  365  380  396  412  429  448  472  497  522  541  554  564  574  586  600  614
  624  630  631  631  631  631  629  624  615  603  591  576  558  534  505  480
  463  457  459  463  462  454  440  420  398
    27.5-180.0 180.0   5.0 450.0                            LAT/LON1/LON2/DLON/H
  417  396  374  351  329  311  297  288  283  280  279  280  280  279  276  272
  268  264  261  261  267  279  292  300  298  288  278  274  281  295  313  330
  347  364  382  400  419  440  464  489  513  531  544  555  567  584  603  622
  637  647  652  656  661  667  673  676  674  668  659  646  625  594  558  524
  501  491  490  490  486  475  458  438  417
    25.0-180.0 180.0   5.0 450.0                            LAT/LON1/LON2/DLON/H
  438  420  402  382  361  340  324  312  304  299  297  297  299  299  297  293
  289  283  279  278  286  301  319  328  322  304  282  269  268  278  294  312
  331  351  373  395  416  437  460  483  504  520  531  542  556  576  601  625
  645  660  670  679  689  701  713  722  725  725  719  707  684  648  606  567
  540  527  523  519  511  496  477  457  438
    22.5-180.0 180.0   5.0 450.0                            LAT/LON1/LON2/DLON/H
  454  441  428  411  392  372  355  342  332  325  321  320  321  321  319  315
  309  302  296  295  304  323  343  353  343  316  284  261  253  261  277  297
  319  344  371  397  420  442  462  482  499  511  520  529  544  566  594  623
  648  666  681  694  708  724  740  752  758  760  757  746  722  685  641  601
  574  561  554  547  534  514  491  471  454
    20.0-180.0 180.0   5.0 450.0                            LAT/LON1/LON2/DLON/H
  462  451  442  430  413  396  381  369  361  354  349  347  346  345  341  335
  328  319  311  309  318  338  361  370  357  323  282  250  238  244  262  286
  313  343  374  405  432  453  472  488  501  509  515  522  536  558  587  617
  643  665  682  697  714  730  746  758  765  768  766  757  736  701  660  625
  602  590  582  571  551  526  499  477  462
    17.5-180.0 180.0   5.0 450.0                            LAT/LON1/LON2/DLON/H
  457  447  440  431  419  405  395  388  384  380  376  373  370  365  359  350
  341  330  320  316  325  345  367  375  358  319  272  236  222  230  251  279
  311  345  381  416  446  469  486  500  510  516  519  524  535  555  581  609
  634  655  673  689  704  719  732  741  745  748  748  742  726  699  666  639
  623  614  606  589  563  531  500  474  457
    15.0-180.0 180.0   5.0 450.0                            LAT/LON1/LON2/DLON/H
  441  429  422  415  405  397  392  393  395  396  395  392  387  379  369  358
  346  333  321  315  322  340  361  366  347  305  256  219  206  216  242  275
  310  348  388  426  459  484  502  516  526  531  533  536  544  560  581  603
  623  642  658  672  685  695  703  708  710  712  713  712  704  686  666  650
  641  635  624  603  571  533  495  463  441
    12.5-180.0 180.0   5.0 450.0                            LAT/LON1/LON2/DLON/H
  422  404  394  386  379  374  375  382  391  398  401  399  393  383  370  356
  342  327  313  305  309  324  340  343  322  281  234  200  190  204  234  270
  309  348  390  430  466  494  515  531  543  551  554  556  561  572  586  601
  616  630  643  655  664  670  673  674  673  674  678  683  683  677  668  662
  659  654  640  614  577  534  490  451  422
    10.0-180.0 180.0   5.0 450.0                            LAT/LON1/LON2/DLON/H
  408  382  366  356  349  345  349  360  374  386  392  391  385  374  359  343
  328  312  297  287  288  298  309  309  288  250  209  180  174  192  225  265
  304  344  385  427  464  496  521  541  558  569  575  578  582  588  596  605
  615  626  637  648  654  656  655  653  651  653  660  669  676  679  680  680
  679  672  654  624  584  537  489  444  408
     7.5-180.0 180.0   5.0 450.0                            LAT/LON1/LON2/DLON/H
  406  374  353  339  329  324  326  336  350  362  369  370  364  352  337  322
  306  290  275  264  262  267  273  269  251  219  186  163  161  181  216  256
  296  335  374  415  453  487  516  541  564  581  591  596  600  604  609  615
  623  633  646  656  661  661  658  656  655  659  667  679  690  698  703  704
  700  688  665  632  592  547  498  449  406
     5.0-180.0 180.0   5.0 450.0                            LAT/LON1/LON2/DLON/H
  423  387  363  346  331  320  316  319  326  334  338  338  332  321  307  293
  279  265  251  240  234  234  235  230  215  192  167  151  152  171  206  246
  285  321  358  396  433  468  500  530  557  579  594  602  608  614  621  628
  638  652  669  682  688  688  685  685  687  693  701  712  722  729  732  729
  718  698  669  636  600  560  516  468  423
     2.5-180.0 180.0   5.0 450.0                            LAT/LON1/LON2/DLON/H
  456  422  399  380  362  343  327  317  312  310  307  303  296  285  273  261
  250  239  227  217  209  205  202  196  186  171  155  145  146  163  195  233
  271  305  339  373  408  442  474  506  536  561  580  592  603  613  625  639
  656  678  702  720  729  730  729  732  738  745  751  756  760  761  757  745
  724  696  663  632  603  573  538  496  456
