COD0OPSRAP_20242380000_01D_01H_GIM.INX
     1.0            IONOSPHERE MAPS     GNSS                IONEX VERSION / TYPE
ADDNEQ2 V5.5        AIUB                26-AUG-24 08:01     PGM / RUN BY / DATE 
CODE'S RAPID IONOSPHERE MAPS FOR DAY 238, 2024              COMMENT             
Global ionosphere maps (GIM) are generated on a daily basis DESCRIPTION         
at CODE using data from about 120 GNSS sites of the IGS and DESCRIPTION         
other institutions. The vertical total electron content     DESCRIPTION         
(VTEC) is modeled in a solar-geomagnetic reference frame    DESCRIPTION         
using a spherical harmonics expansion up to degree and      DESCRIPTION         
order 15. Piece-wise linear functions are used for          DESCRIPTION         
representation in the time domain. The time spacing of      DESCRIPTION         
their vertices is 1 hour, conforming with the epochs of the DESCRIPTION         
VTEC maps.                                                  DESCRIPTION         
To convert line-of-sight TEC into vertical TEC, a modified  DESCRIPTION         
single-layer model mapping function approximating the JPL   DESCRIPTION         
extended slab model mapping function is adopted. The        DESCRIPTION         
mapping function is evaluated at geodetic satellite         DESCRIPTION         
elevation angles. For the computation of the ionospheric    DESCRIPTION         
pierce points, a spherical layer with a radius of 6821 km   DESCRIPTION         
is assumed, implying geocentric, not geodetic IONEX         DESCRIPTION         
latitudes.                                                  DESCRIPTION         
Instrumental biases with respect to each involved GNSS code DESCRIPTION         
observable are estimated as constant values for each        DESCRIPTION         
day. They are modeled with one set of bias parameters for   DESCRIPTION         
each satellite and each station in case of GPS and for each DESCRIPTION         
satellite-station link in case of GLONASS. The code bias    DESCRIPTION         
datum is defined by zero-mean conditions imposed on the     DESCRIPTION         
satellite bias estimates. In this file, just GPS C1W-C2W    DESCRIPTION         
satellite and station bias values are included. The         DESCRIPTION         
complete set of GNSS code bias results is provided in an    DESCRIPTION         
additional Bias-SINEX file as pseudo-absolute values        DESCRIPTION         
specific to each observable.                                DESCRIPTION         
Note: These GIM results correspond to the results for the   DESCRIPTION         
last day of a 3-day combination analysis solving for 73     DESCRIPTION         
times 256, or 18688 VTEC parameters and 3 daily sets of     DESCRIPTION         
GNSS code bias parameters.                                  DESCRIPTION         
Contact address: code(at)aiub.unibe.ch                      DESCRIPTION         
Data archive:    ftp.aiub.unibe.ch/CODE/                    DESCRIPTION         
                 www.aiub.unibe.ch/download/CODE/           DESCRIPTION         
  2024     8    25     0     0     0                        EPOCH OF FIRST MAP  
  2024     8    26     0     0     0                        EPOCH OF LAST MAP   
  3600                                                      INTERVAL            
[...]
    87.5 -87.5  -2.5                                        LAT1 / LAT2 / DLAT  
  -180.0 180.0   5.0                                        LON1 / LON2 / DLON  
    -1                                                      EXPONENT            
TEC/RMS values in 0.1 TECU; 9999, if no value available     COMMENT             
Peak TEC values for the included maps:                      COMMENT             
1120 1142 1188 1199 1130 1043 1014 1039 1091 1101 1063 1013 COMMENT             
 978  955  955 1045 1085 1064 1068 1029 1018 1036 1059 1059 COMMENT             
1071                                                        COMMENT             
List of stations:                                           COMMENT             
albh algo alic amu2 areq ascg aspa bake bogo bor1 braz brft COMMENT             
brst brux bshm cas1 ccj2 cedu chur cord cpvg cro1 darw dav1 COMMENT             
dgar dubo faa1 fair flin flrs frdn func ganp glps glsv gode COMMENT             
gope gras graz guam guat hers hert hnpt hob2 hofn hrao ineg COMMENT             
invk iqal joz2 jplm kerg kir0 kit3 kour lpal lpgs mac1 mal2 COMMENT             
mas1 mat1 mate maw1 mcm4 mizu mkea mobs mtka nano nklg nnor COMMENT             
ntus nya1 onsa park pdel pert pimo pots qaq1 rabt reun reyk COMMENT             
rio2 sant sch2 scub sofi sthl stjo str2 suth sydn syog tabv COMMENT             
tash thti thu2 tid1 tn22 tow2 ulab unb3 unbj unsa urum usud COMMENT             
vald whit wind wtzz xmis yarr yel2 ykro zim2 zimm           COMMENT             
                                                            END OF HEADER       
[from data line 6864]
    17                                                      START OF TEC MAP    
  2024     8    25    16     0     0                        EPOCH OF CURRENT MAP
    87.5-180.0 180.0   5.0 450.0                            LAT/LON1/LON2/DLON/H
  256  257  258  258  259  259  259  259  259  259  258  258  257  256  255  253
  252  250  249  247  245  243  241  239  237  235  232  230  228  226  224  223
  221  219  218  217  215  215  214  213  213  213  213  214  214  215  216  218
  219  221  222  224  226  228  230  232  234  236  238  239  241  243  244  246
  247  249  250  251  253  254  255  256  256
    85.0-180.0 180.0   5.0 450.0                            LAT/LON1/LON2/DLON/H
  261  262  264  265  266  267  268  269  270  270  270  269  269  267  266  264
  261  259  256  253  249  246  242  239  235  232  228  224  221  217  214  210
  207  204  201  198  196  194  192  191  190  190  190  191  193  195  197  200
  203  207  211  215  219  223  226  230  233  236  239  242  244  246  248  249
  250  252  253  254  256  257  258  259  261
    82.5-180.0 180.0   5.0 450.0                            LAT/LON1/LON2/DLON/H
  249  251  254  256  259  261  264  267  269  270  272  272  272  271  269  267
  264  261  257  253  250  246  242  238  234  231  227  223  220  216  212  208
  204  199  195  191  187  184  181  178  177  176  176  177  179  182  186  191
  196  202  208  214  220  225  230  234  238  241  243  245  245  246  246  246
  245  245  245  245  245  246  246  248  249
    80.0-180.0 180.0   5.0 450.0                            LAT/LON1/LON2/DLON/H
  225  227  230  234  238  243  248  253  257  261  264  266  267  267  265  263
  260  256  253  249  245  242  239  237  235  233  231  229  227  224  221  217
  213  209  204  199  194  189  184  180  177  175  174  175  177  181  186  192
  199  207  214  222  229  235  240  244  247  248  247  246  244  241  238  235
  231  228  226  224  223  222  223  223  225
    77.5-180.0 180.0   5.0 450.0                            LAT/LON1/LON2/DLON/H
  195  197  201  205  211  217  224  232  239  245  251  255  257  258  257  254
  251  248  244  241  238  237  236  236  237  238  239  240  240  240  239  237
  234  229  224  219  212  206  200  195  190  187  185  185  187  190  196  202
  210  219  227  236  243  249  253  255  255  252  248  243  236  229  222  215
  209  204  200  197  195  193  193  193  195
    75.0-180.0 180.0   5.0 450.0                            LAT/LON1/LON2/DLON/H
  167  169  172  177  184  192  201  210  220  229  237  243  246  247  247  244
  241  237  234  232  231  231  234  237  241  245  250  253  256  259  259  259
  257  254  249  244  238  231  224  218  212  207  205  204  204  207  212  218
  226  234  242  250  256  260  262  261  257  250  241  231  220  209  198  189
  181  175  171  168  167  166  166  166  167
    72.5-180.0 180.0   5.0 450.0                            LAT/LON1/LON2/DLON/H
  148  150  152  157  163  172  182  194  206  217  226  234  238  239  238  235
  231  228  225  224  226  229  234  240  247  254  260  266  270  274  276  277
  276  274  271  267  261  255  249  242  237  232  228  226  226  227  230  235
  240  246  252  257  261  263  261  256  249  238  224  210  194  180  167  157
  150  145  143  143  144  145  146  147  148
    70.0-180.0 180.0   5.0 450.0                            LAT/LON1/LON2/DLON/H
  140  141  143  147  153  161  172  185  198  211  222  230  234  235  233  230
  226  222  220  221  224  229  237  245  253  260  267  272  276  280  282  284
  285  284  283  281  277  273  268  263  258  254  250  248  246  245  246  247
  249  251  253  255  255  253  248  240  229  214  197  179  162  145  132  123
  117  116  118  123  128  133  136  139  140
    67.5-180.0 180.0   5.0 450.0                            LAT/LON1/LON2/DLON/H
  139  140  142  145  151  159  171  184  198  211  222  230  234  234  232  228
  223  220  219  221  226  233  241  250  257  263  267  270  273  275  277  279
  282  283  285  285  284  283  280  277  274  271  268  265  262  259  255  252
  250  247  244  242  238  232  225  214  200  183  165  145  126  110   97   90
   88   91   98  108  118  127  133  137  139
    65.0-180.0 180.0   5.0 450.0                            LAT/LON1/LON2/DLON/H
  140  142  143  147  153  162  175  188  202  215  226  233  236  236  233  229
  224  222  222  225  231  239  247  254  259  261  261  261  260  261  263  267
  271  275  279  283  285  286  286  285  284  282  279  276  272  266  260  252
  244  236  228  221  214  205  195  183  169  152  133  114   96   80   69   63
   64   71   82   96  110  122  131  137  140
    62.5-180.0 180.0   5.0 450.0                            LAT/LON1/LON2/DLON/H
  136  138  141  146  154  165  179  193  207  219  228  234  237  237  234  231
  228  226  227  231  238  245  252  256  256  254  250  246  244  244  248  253
  260  268  274  280  284  287  289  289  289  288  286  283  278  270  260  249
  236  223  211  200  190  180  169  157  143  128  111   94   77   63   53   49
   51   59   71   87  102  116  126  132  136
    60.0-180.0 180.0   5.0 450.0                            LAT/LON1/LON2/DLON/H
  124  127  132  140  151  164  179  194  208  219  227  232  235  237  236  235
  234  234  236  240  246  252  256  256  252  245  237  231  228  231  238  247
  257  268  276  283  288  292  293  293  293  292  290  287  282  273  261  247
  231  215  200  187  175  164  154  143  131  118  105   90   76   64   54   50
   50   56   67   80   93  105  114  120  124
    57.5-180.0 180.0   5.0 450.0                            LAT/LON1/LON2/DLON/H
  104  109  116  127  141  158  175  191  204  215  222  227  232  235  239  241
  243  245  247  251  256  259  260  257  248  237  227  220  221  227  239  253
  267  279  289  296  300  302  302  301  299  296  294  291  286  278  265  249
  232  215  199  186  174  164  154  145  135  126  116  105   94   83   73   67
   64   66   71   78   86   92   97  101  104
    55.0-180.0 180.0   5.0 450.0                            LAT/LON1/LON2/DLON/H
   84   90   99  112  129  148  167  184  198  208  215  221  228  235  244  251
  257  260  263  266  268  270  268  260  248  234  223  219  224  236  253  272
  288  301  310  315  318  317  315  311  306  303  300  297  293  285  273  258
  241  225  210  199  189  180  171  163  155  148  141  134  126  116  107   98
   91   87   84   83   83   83   82   83   84
    52.5-180.0 180.0   5.0 450.0                            LAT/LON1/LON2/DLON/H
   72   77   86  101  120  141  161  178  192  202  210  217  227  239  253  266
  276  281  283  284  285  284  280  270  256  240  230  228  238  255  277  298
  314  326  333  336  337  334  330  323  316  311  307  305  302  296  286  272
  256  242  230  221  214  207  199  191  185  179  175  171  165  158  148  138
  128  118  108   99   91   83   76   72   72
    50.0-180.0 180.0   5.0 450.0                            LAT/LON1/LON2/DLON/H
   74   77   86  101  119  140  160  178  192  203  211  221  234  251  270  287
  300  307  308  308  307  305  299  288  272  255  245  246  259  280  303  323
  337  346  351  352  352  349  343  336  327  320  316  315  313  309  300  288
  274  262  253  247  242  237  230  222  215  211  208  205  202  197  190  180
  168  154  140  124  110   96   85   77   74
    47.5-180.0 180.0   5.0 450.0                            LAT/LON1/LON2/DLON/H
   94   95  102  114  130  149  169  187  202  214  224  236  251  271  294  315
  329  336  337  335  333  331  325  313  296  279  268  270  282  302  323  339
  350  355  358  360  361  359  355  348  340  332  328  327  327  323  315  303
  290  279  272  269  266  262  255  247  240  235  232  231  230  227  223  215
  205  191  175  157  139  122  108   98   94
    45.0-180.0 180.0   5.0 450.0                            LAT/LON1/LON2/DLON/H
  128  127  131  139  152  168  187  206  223  237  250  263  280  301  324  345
  360  366  366  363  361  360  355  344  326  307  295  294  304  319  333  343
  349  353  357  361  366  369  368  363  355  348  343  342  342  339  330  317
  302  291  285  282  281  277  270  261  254  248  245  244  244  244  243  240
  233  223  208  191  174  157  143  133  128
    42.5-180.0 180.0   5.0 450.0                            LAT/LON1/LON2/DLON/H
  168  165  166  171  180  194  212  232  252  270  285  300  316  336  358  377
  390  394  392  389  389  390  387  376  358  337  323  318  322  329  335  339
  342  347  356  366  376  384  388  385  379  371  366  364  362  357  346  330
  313  299  291  288  286  282  275  266  258  253  249  248  248  249  252  253
  251  245  235  221  207  194  182  173  168
    40.0-180.0 180.0   5.0 450.0                            LAT/LON1/LON2/DLON/H
  204  200  199  201  207  220  238  261  286  308  327  343  358  374  391  406
  416  418  415  413  414  417  416  406  387  366  349  340  337  336  335  335
  340  352  369  387  404  415  421  420  414  406  398  393  389  381  367  346
  325  307  297  291  288  284  277  269  261  255  251  248  247  249  253  258
  261  259  252  243  233  224  216  209  204
    37.5-180.0 180.0   5.0 450.0                            LAT/LON1/LON2/DLON/H
  227  223  221  221  226  239  260  287  317  344  367  385  399  411  422  431
  436  436  433  432  435  440  441  432  413  391  374  363  356  349  344  345
  358  382  411  438  458  470  475  473  465  454  443  434  425  413  394  370
  345  324  310  302  296  291  284  277  270  265  260  256  252  253  256  262
  267  267  262  256  249  243  238  232  227
    35.0-180.0 180.0   5.0 450.0                            LAT/LON1/LON2/DLON/H
  234  230  226  227  233  248  273  305  340  373  400  420  433  442  447  450
  452  451  448  449  453  460  461  453  435  415  401  392  385  377  373  382
  408  449  491  524  543  550  549  542  531  515  500  485  472  455  432  404
  377  354  337  327  319  313  306  299  294  289  284  277  272  269  270  274
  276  275  269  262  255  250  245  240  234
    32.5-180.0 180.0   5.0 450.0                            LAT/LON1/LON2/DLON/H
  226  220  217  218  226  244  274  311  351  389  421  444  459  465  466  466
  465  464  463  465  470  477  479  470  455  440  433  430  428  425  428  450
  495  553  606  641  653  649  638  624  606  586  565  545  525  504  477  449
  421  398  381  369  360  352  345  339  334  330  324  317  309  302  299  298
  295  288  277  266  257  249  242  234  226
    30.0-180.0 180.0   5.0 450.0                            LAT/LON1/LON2/DLON/H
  210  202  198  200  210  232  265  306  350  392  428  455  473  480  480  478
  478  479  481  484  490  496  497  489  477  469  471  480  488  494  509  547
  610  684  745  775  774  754  729  706  684  659  633  608  582  555  526  497
  471  451  436  425  416  407  399  392  387  383  378  371  361  352  344  337
  327  311  292  274  259  246  234  221  210
    27.5-180.0 180.0   5.0 450.0                            LAT/LON1/LON2/DLON/H
  195  184  179  181  192  216  251  294  340  383  422  454  477  488  490  491
  493  498  504  509  515  519  519  512  504  505  519  540  561  579  607  660
  739  823  884  903  884  846  808  778  752  725  696  666  635  602  570  540
  517  501  490  482  474  465  456  448  442  438  435  429  420  410  399  385
  367  343  315  290  268  249  230  211  195
    25.0-180.0 180.0   5.0 450.0                            LAT/LON1/LON2/DLON/H
  189  175  168  168  178  201  237  280  324  367  407  444  473  490  499  504
  512  523  533  540  545  548  547  541  538  547  572  606  639  669  708  773
  860  946  998 1001  963  909  861  827  802  776  747  713  676  637  599  567
  546  534  528  524  519  511  503  494  487  483  481  479  473  464  452  434
  409  378  343  311  284  259  234  210  189
    22.5-180.0 180.0   5.0 450.0                            LAT/LON1/LON2/DLON/H
  195  179  169  166  173  193  227  268  309  349  390  430  465  490  506  519
  534  551  566  575  580  582  581  578  579  594  627  671  713  751  798  866
  952 1030 1068 1053  998  933  882  850  829  808  780  744  701  653  606  569
  547  538  537  537  536  532  525  517  510  506  508  510  509  504  492  472
  444  407  369  334  304  276  247  219  195
    20.0-180.0 180.0   5.0 450.0                            LAT/LON1/LON2/DLON/H
  211  194  181  174  176  192  222  260  298  335  373  415  455  488  512  534
  557  580  599  610  615  618  619  619  624  644  681  728  775  816  864  928
 1004 1066 1085 1053  987  920  873  849  836  821  795  757  707  648  590  544
  517  507  509  514  518  519  517  511  505  504  508  516  521  520  510  491
  461  423  385  350  322  294  265  236  211
    17.5-180.0 180.0   5.0 450.0                            LAT/LON1/LON2/DLON/H
  231  214  200  189  185  195  222  257  292  326  362  403  447  485  517  547
  577  605  627  639  646  652  657  662  671  691  728  774  819  860  902  955
 1013 1054 1053 1009  941  881  845  833  829  820  797  756  698  626  554  495
  460  447  449  458  468  476  481  481  479  480  487  498  507  510  503  484
  455  420  384  354  329  306  280  254  231
    15.0-180.0 180.0   5.0 450.0                            LAT/LON1/LON2/DLON/H
  245  231  216  202  193  198  222  256  291  323  356  396  441  483  521  556
  591  623  647  661  670  680  691  702  714  734  766  807  847  882  916  954
  991 1008  991  942  881  835  815  815  820  814  791  746  679  595  508  436
  390  373  374  385  400  416  430  438  441  445  453  465  476  480  473  456
  428  395  364  339  322  305  286  264  245
    12.5-180.0 180.0   5.0 450.0                            LAT/LON1/LON2/DLON/H
  248  237  224  207  194  197  219  255  291  324  357  395  438  482  522  561
  599  632  657  672  684  699  718  736  751  769  795  828  862  890  915  938
  954  951  923  877  830  803  800  809  817  810  784  734  659  565  466  383
  329  307  306  318  338  361  384  400  409  415  422  431  438  439  430  412
  385  354  328  309  299  290  277  262  248
    10.0-180.0 180.0   5.0 450.0                            LAT/LON1/LON2/DLON/H
  237  229  218  201  186  187  211  250  291  328  361  397  438  481  522  562
  600  633  657  674  690  712  738  763  782  799  819  844  870  893  911  920
  919  903  872  835  808  800  809  822  826  813  781  726  646  546  442  354
  297  272  270  283  304  332  362  385  399  404  407  408  407  400  386  364
  336  307  283  269  264  261  255  246  237
     7.5-180.0 180.0   5.0 450.0                            LAT/LON1/LON2/DLON/H
  214  209  199  183  169  170  196  240  288  331  367  403  441  481  521  561
  598  629  653  672  692  720  753  784  807  823  838  857  879  899  911  913
  901  879  851  829  821  828  843  852  847  825  784  724  643  545  444  360
  307  285  284  296  317  345  377  403  418  420  414  404  391  373  351  323
  293  263  240  229  226  227  225  219  214
     5.0-180.0 180.0   5.0 450.0                            LAT/LON1/LON2/DLON/H
  185  180  172  158  146  149  178  227  282  332  373  409  446  484  522  560
  595  625  650  672  697  729  767  802  828  845  857  872  890  909  920  918
  903  881  862  856  864  880  892  892  874  839  791  728  651  562  474  404
  363  350  353  364  380  403  430  454  465  461  444  420  392  362  331  297
  263  232  208  196  194  195  193  189  185
     2.5-180.0 180.0   5.0 450.0                            LAT/LON1/LON2/DLON/H
  157  152  144  132  123  128  159  212  274  331  378  417  453  490  527  563
  597  626  652  678  708  744  784  821  848  866  876  888  904  922  933  932
  918  901  894  901  920  937  941  926  894  849  795  734  665  593  526  478
  456  456  466  475  483  494  510  525  528  514  485  447  406  365  325  287
  250  217  192  177  173  171  168  162  157
