COD0OPSRAP_20242320000_01D_01H_GIM.INX
     1.0            IONOSPHERE MAPS     GNSS                IONEX VERSION / TYPE
ADDNEQ2 V5.5        AIUB                20-AUG-24 10:54     PGM / RUN BY / DATE 
CODE'S RAPID IONOSPHERE MAPS FOR DAY 232, 2024              COMMENT             
Global ionosphere maps (GIM) are generated on a daily basis DESCRIPTION         
at CODE using data from about 120 GNSS sites of the IGS and DESCRIPTION         
other institutions. The vertical total electron content     DESCRIPTION         
(VTEC) is modeled in a solar-geomagnetic reference frame    DESCRIPTION         
using a spherical harmonics expansion up to degree and      DESCRIPTION         
order 15. Piece-wise linear functions are used for          DESCRIPTION         
representation in the time domain. The time spacing of      DESCRIPTION         
their vertices is 1 hour, conforming with the epochs of the DESCRIPTION         
VTEC maps.                                                  DESCRIPTION         
To convert line-of-sight TEC into vertical TEC, a modified  DESCRIPTION         
single-layer model mapping function approximating the JPL   DESCRIPTION         
extended slab model mapping function is adopted. The        DESCRIPTION         
mapping function is evaluated at geodetic satellite         DESCRIPTION         
elevation angles. For the computation of the ionospheric    DESCRIPTION         
pierce points, a spherical layer with a radius of 6821 km   DESCRIPTION         
is assumed, implying geocentric, not geodetic IONEX         DESCRIPTION         
latitudes.                                                  DESCRIPTION         
Instrumental biases with respect to each involved GNSS code DESCRIPTION         
observable are estimated as constant values for each        DESCRIPTION         
day. They are modeled with one set of bias parameters for   DESCRIPTION         
each satellite and each station in case of GPS and for each DESCRIPTION         
satellite-station link in case of GLONASS. The code bias    DESCRIPTION         
datum is defined by zero-mean conditions imposed on the     DESCRIPTION         
satellite bias estimates. In this file, just GPS C1W-C2W    DESCRIPTION         
satellite and station bias values are included. The         DESCRIPTION         
complete set of GNSS code bias results is provided in an    DESCRIPTION         
additional Bias-SINEX file as pseudo-absolute values        DESCRIPTION         
specific to each observable.                                DESCRIPTION         
Note: These GIM results correspond to the results for the   DESCRIPTION         
last day of a 3-day combination analysis solving for 73     DESCRIPTION         
times 256, or 18688 VTEC parameters and 3 daily sets of     DESCRIPTION         
GNSS code bias parameters.                                  DESCRIPTION         
Contact address: code(at)aiub.unibe.ch                      DESCRIPTION         
Data archive:    ftp.aiub.unibe.ch/CODE/                    DESCRIPTION         
                 www.aiub.unibe.ch/download/CODE/           DESCRIPTION         
  2024     8    19     0     0     0                        EPOCH OF FIRST MAP  
  2024     8    20     0     0     0                        EPOCH OF LAST MAP   
  3600                                                      INTERVAL            
[...]
    87.5 -87.5  -2.5                                        LAT1 / LAT2 / DLAT  
  -180.0 180.0   5.0                                        LON1 / LON2 / DLON  
    -1                                                      EXPONENT            
TEC/RMS values in 0.1 TECU; 9999, if no value available     COMMENT             
Peak TEC values for the included maps:                      COMMENT             
1046 1051 1046 1050 1056 1039 1048 1060 1066 1046 1046 1040 COMMENT             
1040 1030 1089 1172 1231 1235 1220 1114 1064 1109 1120 1120 COMMENT             
1120                                                        COMMENT             
List of stations:                                           COMMENT             
adis albh alic amu2 areq ascg aspa bake bjfs bogo bor1 braz COMMENT             
brft brst brux bshm cas1 ccj2 cedu cord cpvg cro1 darw dav1 COMMENT             
dgar dubo fair flin flrs frdn func ganp glps glsv gode gope COMMENT             
gras graz guam hers hert hnpt hob2 hofn hrao iisc ineg invk COMMENT             
iqal joz2 jplm karr kerg kir0 kit3 kour lpal lpgs mac1 mal2 COMMENT             
mas1 mat1 mate maw1 mcm4 mizu mkea mobs mtka nano nklg nnor COMMENT             
ntus nya1 onsa park pdel pert pimo pots qaq1 rabt ramo reun COMMENT             
reyk rio2 sant sofi sthl stjo str2 suth sydn syog tabv tash COMMENT             
thti thu2 tid1 tow2 tskb ulab unb3 unbj unsa urum usud vald COMMENT             
whit wind wtzz xmis yarr yel2 yell ykro zim2 zimm           COMMENT             
                                                            END OF HEADER       
[from data line 6864]
    17                                                      START OF TEC MAP    
  2024     8    19    16     0     0                        EPOCH OF CURRENT MAP
    87.5-180.0 180.0   5.0 450.0                            LAT/LON1/LON2/DLON/H
  296  298  299  301  302  304  305  306  307  308  308  309  309  309  309  308
  308  307  306  305  304  303  301  300  298  296  295  293  291  289  287  285
  283  281  280  278  276  275  273  272  271  270  269  269  268  268  268  268
  268  268  269  269  270  270  271  272  273  274  275  277  278  279  280  282
  283  285  286  288  289  291  293  294  296
    85.0-180.0 180.0   5.0 450.0                            LAT/LON1/LON2/DLON/H
  287  290  294  297  300  303  306  309  311  313  314  315  316  316  316  315
  314  313  312  310  308  306  303  301  298  295  292  289  286  283  280  276
  273  269  266  263  260  257  254  252  249  248  246  245  245  245  245  246
  246  248  249  250  252  253  255  256  257  258  260  261  262  263  264  266
  267  269  271  273  275  278  281  284  287
    82.5-180.0 180.0   5.0 450.0                            LAT/LON1/LON2/DLON/H
  264  269  274  280  285  290  295  299  302  305  308  309  310  310  310  309
  308  307  305  304  302  300  298  295  293  291  288  285  282  278  275  271
  266  262  258  253  248  244  240  237  234  231  230  229  228  229  230  231
  233  236  238  241  243  245  247  248  249  249  249  249  248  247  246  245
  245  245  246  247  249  252  256  260  264
    80.0-180.0 180.0   5.0 450.0                            LAT/LON1/LON2/DLON/H
  233  240  246  254  261  268  274  280  284  288  291  293  294  294  294  293
  292  292  291  290  289  288  288  287  287  286  285  283  282  279  276  272
  268  264  258  253  247  242  237  232  228  225  223  223  223  224  226  229
  232  236  240  243  246  249  250  251  250  249  246  243  239  234  230  226
  222  219  217  217  218  220  223  228  233
    77.5-180.0 180.0   5.0 450.0                            LAT/LON1/LON2/DLON/H
  203  210  218  226  235  243  250  257  262  267  269  271  272  272  272  272
  272  272  273  274  275  277  280  282  284  286  287  287  287  287  285  282
  279  274  269  263  257  251  245  239  235  232  230  229  230  232  235  239
  243  247  252  256  259  262  263  262  260  256  250  244  236  227  218  210
  202  196  191  189  188  189  192  197  203
    75.0-180.0 180.0   5.0 450.0                            LAT/LON1/LON2/DLON/H
  181  189  197  206  215  224  231  238  243  247  250  251  251  251  251  251
  252  254  257  262  266  272  277  283  287  291  294  297  298  298  298  296
  294  290  285  279  273  267  260  255  250  247  246  245  247  249  252  256
  260  264  268  272  274  276  276  274  271  265  257  247  236  224  212  200
  189  180  173  169  167  167  170  175  181
    72.5-180.0 180.0   5.0 450.0                            LAT/LON1/LON2/DLON/H
  173  180  189  198  206  215  222  228  232  235  236  237  236  236  236  237
  239  243  249  257  265  274  283  290  297  302  306  308  310  310  311  310
  308  305  301  296  291  285  279  274  270  268  267  267  269  271  273  275
  278  279  281  282  283  283  282  279  275  268  259  248  236  222  207  194
  182  172  164  160  158  159  161  166  173
    70.0-180.0 180.0   5.0 450.0                            LAT/LON1/LON2/DLON/H
  177  185  193  201  210  217  223  228  231  233  233  232  230  229  229  230
  234  240  249  260  271  283  294  303  310  314  317  318  318  318  318  318
  318  316  313  310  305  300  295  292  289  288  289  290  291  292  292  291
  289  286  283  280  278  275  273  270  266  260  252  242  230  216  203  189
  178  169  163  160  160  162  166  171  177
    67.5-180.0 180.0   5.0 450.0                            LAT/LON1/LON2/DLON/H
  189  197  205  213  221  228  234  237  239  239  238  235  233  231  230  232
  237  244  254  267  281  294  306  315  321  323  323  322  321  320  320  320
  321  321  320  318  314  311  307  305  304  305  307  308  309  308  305  299
  291  282  273  265  258  252  249  246  243  240  234  227  217  205  194  183
  174  168  165  165  167  171  177  183  189
    65.0-180.0 180.0   5.0 450.0                            LAT/LON1/LON2/DLON/H
  200  207  216  225  234  241  247  251  252  251  249  246  243  240  239  240
  244  252  262  275  289  303  314  322  325  326  323  320  317  316  316  318
  321  323  324  323  320  318  315  314  315  317  320  322  322  319  311  299
  285  269  253  239  227  219  214  212  211  210  208  204  198  189  180  172
  166  164  164  168  173  180  186  193  200
    62.5-180.0 180.0   5.0 450.0                            LAT/LON1/LON2/DLON/H
  201  209  219  230  240  250  258  262  264  264  262  259  256  254  252  253
  255  260  269  280  292  303  313  319  321  320  316  312  310  310  313  317
  322  327  329  329  327  325  323  322  323  326  330  332  331  324  313  296
  275  252  230  211  196  185  179  177  178  180  182  181  177  171  164  158
  154  154  158  164  172  180  187  194  201
    60.0-180.0 180.0   5.0 450.0                            LAT/LON1/LON2/DLON/H
  188  197  209  223  237  251  261  268  272  274  273  272  271  270  268  268
  268  270  273  280  287  296  303  307  308  307  305  303  304  308  315  323
  331  337  340  340  338  335  332  331  332  335  338  340  337  329  314  292
  267  240  215  192  174  162  155  154  155  159  162  164  162  157  150  144
  141  142  147  154  163  170  176  182  188
    57.5-180.0 180.0   5.0 450.0                            LAT/LON1/LON2/DLON/H
  165  173  187  204  224  242  256  267  274  278  281  283  285  286  286  285
  282  280  278  277  279  282  286  289  291  293  294  298  304  314  325  337
  347  355  358  358  355  351  347  344  344  346  348  349  345  335  318  294
  267  239  213  190  172  159  152  149  150  154  158  160  158  152  144  137
  132  131  135  141  148  153  157  160  165
    55.0-180.0 180.0   5.0 450.0                            LAT/LON1/LON2/DLON/H
  137  145  160  180  204  226  246  260  271  279  286  293  298  303  306  305
  301  294  285  277  271  268  269  271  276  281  289  300  313  329  345  360
  371  377  380  379  375  370  365  361  359  359  361  360  356  345  327  303
  277  251  227  207  190  178  170  166  166  168  171  171  168  161  150  140
  131  128  129  132  135  137  136  135  137
    52.5-180.0 180.0   5.0 450.0                            LAT/LON1/LON2/DLON/H
  116  121  136  158  185  211  234  252  267  279  290  301  311  320  327  328
  324  313  299  283  269  261  258  260  267  278  293  310  330  351  369  384
  394  399  401  399  395  390  384  379  376  375  375  374  369  358  340  318
  295  272  253  238  225  214  205  199  196  196  197  196  192  183  170  156
  144  137  134  133  132  129  124  118  116
    50.0-180.0 180.0   5.0 450.0                            LAT/LON1/LON2/DLON/H
  109  111  124  146  174  202  227  247  264  280  295  310  324  338  349  354
  351  340  321  299  279  265  260  262  271  286  306  328  352  374  392  404
  411  414  414  413  411  407  403  398  394  392  391  389  383  373  356  336
  316  298  285  274  265  256  247  238  233  230  229  227  223  213  200  184
  170  159  152  148  144  136  126  115  109
    47.5-180.0 180.0   5.0 450.0                            LAT/LON1/LON2/DLON/H
  121  120  129  149  175  203  228  249  268  286  303  320  338  355  370  380
  381  371  351  326  302  285  277  278  289  305  327  350  373  393  407  415
  418  419  419  421  422  422  419  415  411  408  405  403  397  386  371  352
  335  321  312  306  299  292  282  272  264  259  258  256  253  245  234  219
  204  192  183  177  170  159  146  131  121
    45.0-180.0 180.0   5.0 450.0                            LAT/LON1/LON2/DLON/H
  151  145  151  167  189  214  238  259  278  297  315  333  352  371  390  404
  410  404  386  361  336  317  308  308  318  333  352  373  391  406  414  417
  418  419  422  427  433  437  437  434  429  424  420  415  409  398  382  365
  349  337  330  326  321  313  303  292  283  278  277  277  277  273  265  254
  241  230  221  213  205  194  180  164  151
    42.5-180.0 180.0   5.0 450.0                            LAT/LON1/LON2/DLON/H
  190  182  183  194  212  233  255  275  294  313  331  348  366  385  406  424
  436  435  421  399  376  358  349  348  355  366  380  394  406  414  418  419
  420  425  434  445  455  461  462  458  450  442  435  428  420  407  392  374
  358  347  339  334  328  320  309  298  290  286  286  288  290  291  288  282
  273  264  256  250  242  233  220  204  190
    40.0-180.0 180.0   5.0 450.0                            LAT/LON1/LON2/DLON/H
  229  219  216  222  236  254  273  293  312  331  349  364  379  397  418  439
  455  460  452  436  417  402  394  392  395  401  408  415  421  425  428  432
  440  453  470  487  499  505  503  494  481  468  456  444  433  419  402  385
  369  356  347  339  330  320  309  298  291  288  289  292  296  299  301  300
  296  290  284  278  273  266  256  242  229
    37.5-180.0 180.0   5.0 450.0                            LAT/LON1/LON2/DLON/H
  258  247  241  244  254  270  288  309  329  349  366  380  393  408  428  450
  469  479  477  468  456  446  439  436  435  436  438  441  444  449  457  470
  491  516  543  564  575  574  564  546  525  504  485  467  451  435  419  402
  387  374  363  352  340  327  314  305  299  296  296  298  300  304  307  309
  308  305  300  295  291  287  280  270  258
    35.0-180.0 180.0   5.0 450.0                            LAT/LON1/LON2/DLON/H
  272  261  253  253  261  276  296  318  341  363  382  397  408  421  439  460
  480  493  497  494  489  485  480  477  473  471  471  475  482  494  514  543
  581  622  657  678  682  670  647  617  584  553  525  500  479  461  446  433
  421  410  397  384  369  353  340  330  324  321  318  315  312  311  313  314
  314  311  307  302  297  294  289  282  272
    32.5-180.0 180.0   5.0 450.0                            LAT/LON1/LON2/DLON/H
  271  260  250  248  256  273  295  321  348  374  396  413  425  437  453  473
  492  506  514  517  519  519  518  514  510  509  512  522  539  565  602  651
  708  763  804  821  812  784  744  699  655  613  575  542  516  498  485  478
  472  464  454  440  423  406  391  381  374  368  360  349  338  329  324  322
  320  315  309  302  296  291  286  280  271
    30.0-180.0 180.0   5.0 450.0                            LAT/LON1/LON2/DLON/H
  260  247  236  233  242  261  287  318  349  381  408  429  445  458  473  491
  508  521  532  540  547  552  552  549  547  550  562  584  615  658  714  783
  857  922  963  970  946  898  841  783  729  678  632  592  562  542  534  532
  534  533  527  516  500  482  466  454  445  435  420  401  379  360  347  338
  331  324  315  305  294  285  278  270  260
    27.5-180.0 180.0   5.0 450.0                            LAT/LON1/LON2/DLON/H
  246  232  219  214  223  245  276  311  348  385  418  445  466  482  498  514
  529  542  554  566  577  583  584  583  585  597  621  656  703  762  834  917
 1001 1069 1104 1099 1057  993  922  856  796  741  690  645  611  590  584  588
  596  602  602  595  582  566  549  536  524  510  490  462  431  403  381  365
  352  341  329  315  300  284  271  259  246
    25.0-180.0 180.0   5.0 450.0                            LAT/LON1/LON2/DLON/H
  238  220  204  198  207  231  264  303  345  387  426  460  486  507  525  540
  554  566  580  595  609  617  618  618  626  648  684  733  792  861  941 1029
 1114 1176 1200 1180 1123 1047  971  904  846  792  741  694  657  634  627  632
  643  653  658  657  649  636  620  605  591  575  552  521  485  451  422  400
  382  368  354  337  316  294  273  255  238
    22.5-180.0 180.0   5.0 450.0                            LAT/LON1/LON2/DLON/H
  238  217  198  189  196  220  255  297  341  388  432  470  501  527  548  565
  579  592  608  627  643  651  652  655  670  702  748  806  870  941 1019 1100
 1173 1222 1231 1197 1131 1053  981  922  873  827  780  734  694  667  654  654
  661  670  678  682  681  672  658  643  628  613  591  562  528  493  462  437
  417  401  387  368  343  313  284  260  238
    20.0-180.0 180.0   5.0 450.0                            LAT/LON1/LON2/DLON/H
  247  222  199  186  191  214  249  292  338  387  434  475  509  538  562  582
  599  615  635  658  676  685  687  694  716  755  808  867  928  990 1054 1118
 1171 1200 1193 1150 1083 1013  954  911  877  844  805  762  720  685  661  648
  644  646  652  660  664  661  650  636  623  611  596  575  548  520  492  467
  447  432  418  400  373  338  303  273  247
    17.5-180.0 180.0   5.0 450.0                            LAT/LON1/LON2/DLON/H
  259  231  206  189  190  211  245  287  334  384  432  473  508  538  565  589
  610  632  657  684  705  716  721  733  761  806  860  913  961 1006 1049 1087
 1115 1122 1102 1056  997  942  903  880  866  847  818  779  734  689  649  617
  594  584  584  593  602  604  597  586  576  569  564  555  541  524  505  484
  466  452  441  425  398  361  321  288  259
    15.0-180.0 180.0   5.0 450.0                            LAT/LON1/LON2/DLON/H
  269  240  212  192  190  206  238  280  328  378  425  465  498  528  558  586
  612  640  671  703  728  742  753  771  806  853  902  943  973  996 1014 1025
 1027 1015  987  945  900  865  848  847  849  844  824  788  740  683  624  570
  527  501  493  501  513  519  515  505  499  499  504  509  510  506  497  483
  468  456  448  435  410  373  333  298  269
    12.5-180.0 180.0   5.0 450.0                            LAT/LON1/LON2/DLON/H
  271  242  213  191  185  199  229  270  318  369  416  453  483  513  545  577
  608  641  678  715  745  764  781  808  849  895  935  960  972  973  968  957
  939  914  884  852  824  810  812  825  839  843  829  796  743  675  599  525
  463  423  407  412  425  432  429  420  416  421  434  449  463  472  472  464
  451  441  435  426  404  370  332  299  271
    10.0-180.0 180.0   5.0 450.0                            LAT/LON1/LON2/DLON/H
  263  236  206  183  175  187  215  256  306  359  405  440  468  497  531  567
  603  639  680  722  757  783  808  843  889  933  962  972  967  953  933  907
  878  849  824  805  794  795  808  828  845  850  838  805  748  672  584  497
  424  375  354  357  368  374  368  357  352  358  373  394  414  430  437  433
  421  411  405  398  380  351  317  288  263
     7.5-180.0 180.0   5.0 450.0                            LAT/LON1/LON2/DLON/H
  245  220  192  169  161  172  199  241  293  349  397  432  460  489  525  564
  602  640  683  728  768  801  834  876  925  965  984  982  967  946  921  893
  863  838  823  817  818  826  840  856  867  867  852  817  758  679  587  498
  424  376  356  357  365  365  354  337  326  328  339  356  375  392  400  397
  384  372  364  358  344  320  292  268  245
     5.0-180.0 180.0   5.0 450.0                            LAT/LON1/LON2/DLON/H
  222  199  172  151  145  156  184  227  283  342  394  432  461  493  531  571
  610  648  691  737  781  819  859  907  956  991 1002  993  975  957  939  917
  895  880  877  882  888  894  899  901  899  890  869  830  772  695  609  530
  468  431  417  419  421  413  391  366  346  338  338  344  354  364  369  363
  347  331  321  314  302  283  261  242  222
     2.5-180.0 180.0   5.0 450.0                            LAT/LON1/LON2/DLON/H
  198  177  152  135  131  145  174  218  277  341  398  440  474  509  550  591
  628  664  705  752  797  840  883  932  978 1008 1014 1003  990  983  977  968
  959  958  965  976  981  977  965  949  931  909  881  840  783  715  644  584
  545  527  525  527  523  503  470  433  402  381  367  357  352  350  347  336
  316  296  282  273  263  248  231  215  198
