COD0OPSRAP_20242320000_01D_01H_GIM.INX
     1.0            IONOSPHERE MAPS     GNSS                IONEX VERSION / TYPE
ADDNEQ2 V5.5        AIUB                20-AUG-24 10:54     PGM / RUN BY / DATE 
CODE'S RAPID IONOSPHERE MAPS FOR DAY 232, 2024              COMMENT             
Global ionosphere maps (GIM) are generated on a daily basis DESCRIPTION         
at CODE using data from about 120 GNSS sites of the IGS and DESCRIPTION         
other institutions. The vertical total electron content     DESCRIPTION         
(VTEC) is modeled in a solar-geomagnetic reference frame    DESCRIPTION         
using a spherical harmonics expansion up to degree and      DESCRIPTION         
order 15. Piece-wise linear functions are used for          DESCRIPTION         
representation in the time domain. The time spacing of      DESCRIPTION         
their vertices is 1 hour, conforming with the epochs of the DESCRIPTION         
VTEC maps.                                                  DESCRIPTION         
To convert line-of-sight TEC into vertical TEC, a modified  DESCRIPTION         
single-layer model mapping function approximating the JPL   DESCRIPTION         
extended slab model mapping function is adopted. The        DESCRIPTION         
mapping function is evaluated at geodetic satellite         DESCRIPTION         
elevation angles. For the computation of the ionospheric    DESCRIPTION         
pierce points, a spherical layer with a radius of 6821 km   DESCRIPTION         
is assumed, implying geocentric, not geodetic IONEX         DESCRIPTION         
latitudes.                                                  DESCRIPTION         
Instrumental biases with respect to each involved GNSS code DESCRIPTION         
observable are estimated as constant values for each        DESCRIPTION         
day. They are modeled with one set of bias parameters for   DESCRIPTION         
each satellite and each station in case of GPS and for each DESCRIPTION         
satellite-station link in case of GLONASS. The code bias    DESCRIPTION         
datum is defined by zero-mean conditions imposed on the     DESCRIPTION         
satellite bias estimates. In this file, just GPS C1W-C2W    DESCRIPTION         
satellite and station bias values are included. The         DESCRIPTION         
complete set of GNSS code bias results is provided in an    DESCRIPTION         
additional Bias-SINEX file as pseudo-absolute values        DESCRIPTION         
specific to each observable.                                DESCRIPTION         
Note: These GIM results correspond to the results for the   DESCRIPTION         
last day of a 3-day combination analysis solving for 73     DESCRIPTION         
times 256, or 18688 VTEC parameters and 3 daily sets of     DESCRIPTION         
GNSS code bias parameters.                                  DESCRIPTION         
Contact address: code(at)aiub.unibe.ch                      DESCRIPTION         
Data archive:    ftp.aiub.unibe.ch/CODE/                    DESCRIPTION         
                 www.aiub.unibe.ch/download/CODE/           DESCRIPTION         
  2024     8    19     0     0     0                        EPOCH OF FIRST MAP  
  2024     8    20     0     0     0                        EPOCH OF LAST MAP   
  3600                                                      INTERVAL            
[...]
    87.5 -87.5  -2.5                                        LAT1 / LAT2 / DLAT  
  -180.0 180.0   5.0                                        LON1 / LON2 / DLON  
    -1                                                      EXPONENT            
TEC/RMS values in 0.1 TECU; 9999, if no value available     COMMENT             
Peak TEC values for the included maps:                      COMMENT             
1046 1051 1046 1050 1056 1039 1048 1060 1066 1046 1046 1040 COMMENT             
1040 1030 1089 1172 1231 1235 1220 1114 1064 1109 1120 1120 COMMENT             
1120                                                        COMMENT             
List of stations:                                           COMMENT             
adis albh alic amu2 areq ascg aspa bake bjfs bogo bor1 braz COMMENT             
brft brst brux bshm cas1 ccj2 cedu cord cpvg cro1 darw dav1 COMMENT             
dgar dubo fair flin flrs frdn func ganp glps glsv gode gope COMMENT             
gras graz guam hers hert hnpt hob2 hofn hrao iisc ineg invk COMMENT             
iqal joz2 jplm karr kerg kir0 kit3 kour lpal lpgs mac1 mal2 COMMENT             
mas1 mat1 mate maw1 mcm4 mizu mkea mobs mtka nano nklg nnor COMMENT             
ntus nya1 onsa park pdel pert pimo pots qaq1 rabt ramo reun COMMENT             
reyk rio2 sant sofi sthl stjo str2 suth sydn syog tabv tash COMMENT             
thti thu2 tid1 tow2 tskb ulab unb3 unbj unsa urum usud vald COMMENT             
whit wind wtzz xmis yarr yel2 yell ykro zim2 zimm           COMMENT             
                                                            END OF HEADER       
[from data line 3003]
     8                                                      START OF TEC MAP    
  2024     8    19     7     0     0                        EPOCH OF CURRENT MAP
    87.5-180.0 180.0   5.0 450.0                            LAT/LON1/LON2/DLON/H
  234  234  234  234  234  234  234  234  235  235  235  236  236  237  237  237
  238  238  238  238  239  239  238  238  238  238  238  238  237  237  237  237
  237  237  237  237  237  237  237  238  238  238  239  239  240  240  240  241
  241  241  241  242  242  242  241  241  241  241  241  240  240  239  239  238
  238  237  237  236  236  235  235  235  234
    85.0-180.0 180.0   5.0 450.0                            LAT/LON1/LON2/DLON/H
  230  229  229  228  228  228  228  229  229  230  232  233  235  236  238  239
  241  242  242  243  243  242  242  241  240  239  237  236  235  234  233  232
  232  232  232  233  234  234  236  237  238  240  241  243  245  246  247  249
  250  251  251  252  252  252  252  252  252  251  250  249  248  247  245  244
  242  241  239  237  236  234  233  232  230
    82.5-180.0 180.0   5.0 450.0                            LAT/LON1/LON2/DLON/H
  230  227  225  223  221  220  219  220  220  222  224  227  230  233  236  239
  242  244  246  247  247  246  245  242  240  237  234  231  229  227  225  224
  224  225  226  228  230  232  235  238  241  245  248  251  254  257  259  262
  264  265  267  268  269  269  269  269  268  267  266  264  262  260  258  255
  253  250  247  244  242  239  236  233  230
    80.0-180.0 180.0   5.0 450.0                            LAT/LON1/LON2/DLON/H
  237  232  227  222  218  214  211  209  209  209  211  215  219  224  229  235
  240  244  247  248  248  247  244  241  236  231  227  222  219  216  214  214
  215  217  221  225  229  234  239  244  249  254  259  264  268  272  276  279
  282  285  287  288  290  290  290  290  289  287  285  283  281  278  275  272
  269  266  262  259  255  251  247  242  237
    77.5-180.0 180.0   5.0 450.0                            LAT/LON1/LON2/DLON/H
  253  246  237  229  221  213  206  200  197  195  196  199  203  209  216  224
  231  237  242  244  245  244  240  235  229  222  216  211  207  204  204  205
  209  214  220  227  234  241  249  256  262  268  274  280  285  290  294  298
  302  305  308  310  312  313  313  312  311  309  307  304  301  298  295  292
  289  286  282  279  275  271  266  260  253
    75.0-180.0 180.0   5.0 450.0                            LAT/LON1/LON2/DLON/H
  276  266  255  243  231  218  207  197  189  183  181  182  186  192  199  208
  217  224  231  235  236  235  231  225  218  211  204  199  195  194  196  200
  206  215  224  234  244  254  263  271  278  285  291  297  302  308  313  318
  322  326  329  331  333  334  334  333  331  329  326  323  319  316  313  310
  307  305  303  301  298  295  290  284  276
    72.5-180.0 180.0   5.0 450.0                            LAT/LON1/LON2/DLON/H
  298  288  276  261  246  229  214  199  187  177  171  169  170  174  181  189
  199  207  214  219  221  221  217  212  205  198  192  188  186  187  191  199
  209  220  233  245  257  268  278  286  294  300  307  313  319  325  330  336
  340  344  347  350  351  351  351  349  347  344  340  336  332  328  325  322
  320  319  318  318  317  315  311  306  298
    70.0-180.0 180.0   5.0 450.0                            LAT/LON1/LON2/DLON/H
  313  304  292  277  260  242  224  207  191  178  169  162  160  161  166  172
  180  188  195  200  203  203  201  197  191  186  181  179  179  183  190  200
  213  227  242  256  269  281  290  298  305  312  318  325  332  339  345  351
  356  360  362  364  364  363  362  359  356  352  348  343  338  334  330  327
  325  324  324  325  326  326  324  320  313
    67.5-180.0 180.0   5.0 450.0                            LAT/LON1/LON2/DLON/H
  314  307  296  283  268  252  234  217  200  186  173  164  158  156  157  160
  165  171  176  180  183  184  183  181  177  174  172  171  174  180  189  202
  216  232  248  263  276  287  296  304  311  318  325  333  342  350  358  365
  370  373  374  374  372  370  367  364  360  355  350  344  338  332  327  323
  321  320  320  321  322  323  322  319  314
    65.0-180.0 180.0   5.0 450.0                            LAT/LON1/LON2/DLON/H
  300  294  287  277  266  253  239  225  210  196  183  172  164  158  155  154
  155  157  160  163  165  166  166  165  164  163  163  165  169  176  187  200
  216  232  248  262  275  286  295  303  311  319  329  339  350  361  370  377
  381  383  382  380  376  372  368  364  359  353  347  341  334  327  321  315
  312  309  308  307  307  307  306  304  300
    62.5-180.0 180.0   5.0 450.0                            LAT/LON1/LON2/DLON/H
  274  270  265  259  253  245  237  226  216  204  193  182  173  165  159  154
  152  150  150  150  150  151  151  151  152  152  154  157  162  170  181  194
  210  225  241  255  268  279  289  298  308  319  331  344  358  371  381  388
  392  391  388  383  377  372  367  362  357  351  344  337  329  321  314  308
  302  297  294  290  287  284  281  278  274
    60.0-180.0 180.0   5.0 450.0                            LAT/LON1/LON2/DLON/H
  247  243  239  237  234  231  227  222  215  207  198  189  180  172  165  159
  153  149  146  143  142  141  141  141  142  143  145  148  154  161  172  185
  199  215  231  245  259  271  282  293  305  319  335  351  367  382  393  399
  400  397  391  384  376  370  365  360  355  349  342  335  327  319  312  305
  298  291  284  278  271  264  258  252  247
    57.5-180.0 180.0   5.0 450.0                            LAT/LON1/LON2/DLON/H
  230  225  221  220  219  218  217  214  210  204  197  190  183  176  170  164
  158  152  147  143  140  137  136  135  135  136  137  139  144  150  160  173
  188  204  221  237  252  266  279  293  308  325  343  361  379  394  404  409
  408  402  393  384  375  369  365  361  357  351  344  337  330  323  316  310
  303  295  286  277  266  256  246  237  230
    55.0-180.0 180.0   5.0 450.0                            LAT/LON1/LON2/DLON/H
  233  226  221  219  217  215  213  209  204  197  191  185  180  175  171  167
  163  158  153  148  144  140  137  135  133  132  131  132  134  140  150  163
  180  198  216  234  252  268  284  301  318  337  357  376  394  408  416  419
  415  406  395  385  376  371  367  365  361  356  350  343  337  332  327  323
  317  309  300  290  278  266  254  243  233
    52.5-180.0 180.0   5.0 450.0                            LAT/LON1/LON2/DLON/H
  260  251  244  239  233  228  220  212  202  192  184  177  172  170  169  168
  166  164  161  157  152  148  143  140  136  132  129  127  128  133  143  158
  177  198  219  240  261  280  299  318  337  357  377  396  412  423  430  430
  423  412  400  388  379  375  373  372  369  364  358  352  347  344  342  340
  337  332  325  315  305  293  282  270  260
    50.0-180.0 180.0   5.0 450.0                            LAT/LON1/LON2/DLON/H
  306  297  288  278  268  256  242  227  210  194  180  171  165  164  165  167
  169  170  170  168  164  159  154  149  144  138  132  128  127  132  143  159
  181  205  230  255  279  301  322  342  362  383  402  419  433  442  446  444
  435  423  409  396  388  384  383  383  380  375  368  362  358  357  357  358
  358  356  352  347  341  333  324  315  306
    47.5-180.0 180.0   5.0 450.0                            LAT/LON1/LON2/DLON/H
  359  351  340  327  312  295  275  252  228  205  186  172  164  162  163  167
  171  175  178  178  177  173  168  162  155  148  140  134  132  136  147  166
  190  218  247  275  302  327  349  371  392  413  432  447  459  465  467  463
  455  441  426  413  404  399  399  398  395  388  380  373  369  368  370  372
  374  375  376  376  376  374  371  366  359
    45.0-180.0 180.0   5.0 450.0                            LAT/LON1/LON2/DLON/H
  405  397  385  370  352  332  308  281  253  226  202  184  173  169  169  172
  176  181  186  189  189  187  182  176  169  161  153  145  142  145  156  176
  202  232  264  296  326  353  378  401  423  444  463  478  487  493  494  491
  483  470  455  440  429  423  421  419  414  405  395  386  380  378  378  380
  382  386  391  396  402  406  409  409  405
    42.5-180.0 180.0   5.0 450.0                            LAT/LON1/LON2/DLON/H
  430  423  409  393  374  353  331  305  278  250  224  205  192  185  182  183
  185  190  195  200  202  200  196  190  184  176  168  160  155  157  167  186
  213  244  279  314  347  376  403  428  452  475  495  510  519  524  527  526
  521  511  496  479  466  458  453  449  442  430  417  405  396  389  385  383
  384  388  395  404  413  423  430  433  430
    40.0-180.0 180.0   5.0 450.0                            LAT/LON1/LON2/DLON/H
  431  421  405  387  368  351  333  314  292  269  247  229  216  207  202  200
  199  202  206  212  215  214  210  205  199  192  184  176  170  170  178  195
  220  252  288  326  361  393  422  450  478  504  525  541  552  559  564  568
  568  562  549  532  516  505  498  491  481  467  451  434  419  406  395  388
  385  387  393  403  414  424  431  434  431
    37.5-180.0 180.0   5.0 450.0                            LAT/LON1/LON2/DLON/H
  412  397  377  356  338  324  314  304  292  278  263  249  238  231  225  220
  216  216  220  226  230  230  226  221  215  209  201  192  185  182  187  201
  224  255  292  332  370  405  436  467  498  527  552  570  582  592  602  613
  620  620  611  595  579  565  556  546  534  517  497  476  455  434  415  400
  392  391  396  403  411  417  421  420  412
    35.0-180.0 180.0   5.0 450.0                            LAT/LON1/LON2/DLON/H
  388  366  339  314  295  284  281  280  278  273  266  259  253  249  244  238
  233  232  237  244  249  250  245  239  232  226  219  210  201  195  197  206
  226  255  293  334  374  411  445  479  513  545  572  592  607  621  637  655
  671  680  677  666  651  637  626  614  600  581  558  532  505  476  449  427
  415  411  412  415  416  416  412  403  388
    32.5-180.0 180.0   5.0 450.0                            LAT/LON1/LON2/DLON/H
  378  348  315  284  262  251  250  254  259  261  260  259  257  257  255  251
  248  249  255  265  273  275  270  262  254  247  238  228  218  210  207  212
  228  256  293  335  377  415  450  486  522  556  585  607  624  641  664  691
  717  735  742  737  726  715  704  692  676  655  630  600  567  532  499  473
  459  453  452  449  443  432  419  401  378
    30.0-180.0 180.0   5.0 450.0                            LAT/LON1/LON2/DLON/H
  399  363  325  290  263  248  243  245  249  252  253  253  254  256  258  258
  259  264  275  289  301  305  300  290  281  271  261  249  237  226  220  222
  234  259  296  339  380  418  453  489  526  561  590  613  632  653  682  717
  753  782  798  803  799  792  783  771  754  733  706  675  638  600  564  538
  525  520  518  511  496  476  454  429  399
    27.5-180.0 180.0   5.0 450.0                            LAT/LON1/LON2/DLON/H
  458  422  383  346  315  293  279  271  266  262  258  255  254  255  258  262
  268  279  296  316  332  338  335  324  312  300  287  273  258  245  236  234
  243  267  303  345  385  421  454  489  526  560  588  611  632  658  691  733
  777  815  842  856  860  859  853  842  826  805  779  748  712  674  640  618
  609  608  606  596  575  548  519  490  458
    25.0-180.0 180.0   5.0 450.0                            LAT/LON1/LON2/DLON/H
  550  518  484  451  420  391  365  343  323  307  292  279  269  264  265  271
  281  296  318  343  364  374  372  362  348  332  315  297  280  265  253  248
  255  277  312  353  391  424  455  489  523  556  583  606  629  659  697  743
  791  836  870  893  904  908  906  898  883  864  840  812  780  747  719  703
  701  706  706  694  670  640  608  579  550
    22.5-180.0 180.0   5.0 450.0                            LAT/LON1/LON2/DLON/H
  656  634  611  588  561  530  494  457  422  391  362  335  312  296  289  292
  303  320  344  371  394  406  407  398  383  364  343  320  300  282  268  261
  265  286  320  360  396  427  456  488  522  553  579  602  629  662  703  750
  799  845  883  911  928  936  937  932  921  905  886  864  838  813  794  787
  792  801  804  792  767  736  706  679  656
    20.0-180.0 180.0   5.0 450.0                            LAT/LON1/LON2/DLON/H
  751  740  733  724  709  682  642  596  550  509  469  429  389  357  338  333
  340  354  375  399  421  434  436  428  413  391  365  338  313  293  276  267
  270  290  325  364  399  429  458  491  524  554  580  605  635  673  715  759
  804  847  884  912  931  942  946  944  938  928  916  901  885  869  859  860
  870  882  886  875  851  821  791  768  751
    17.5-180.0 180.0   5.0 450.0                            LAT/LON1/LON2/DLON/H
  812  809  815  824  825  810  776  731  685  642  599  550  496  448  413  396
  393  400  412  428  442  452  454  448  433  409  379  346  318  294  275  263
  265  286  322  364  400  431  462  497  532  562  589  617  652  693  734  774
  811  847  878  903  920  931  938  941  941  938  934  927  920  914  912  918
  930  942  944  933  910  880  850  826  812
    15.0-180.0 180.0   5.0 450.0                            LAT/LON1/LON2/DLON/H
  823  820  834  858  877  879  860  829  795  764  728  679  618  555  505  474
  459  454  452  454  458  461  461  455  440  414  380  343  311  285  263  250
  251  274  313  359  399  434  469  508  546  577  605  637  676  720  761  795
  823  848  871  890  903  913  922  931  938  943  946  948  949  949  953  960
  969  976  975  963  940  909  874  843  823
    12.5-180.0 180.0   5.0 450.0                            LAT/LON1/LON2/DLON/H
  786  772  784  814  847  868  871  863  853  845  828  790  729  659  598  555
  528  509  492  477  465  459  454  447  432  405  368  329  293  265  242  227
  229  255  299  350  397  437  479  522  563  597  626  661  704  750  790  818
  838  855  871  883  891  900  911  926  940  952  961  968  974  979  983  988
  990  989  983  970  946  910  866  821  786
    10.0-180.0 180.0   5.0 450.0                            LAT/LON1/LON2/DLON/H
  715  680  678  703  741  776  802  821  842  865  875  857  806  738  672  622
  586  554  522  491  464  446  436  427  412  384  346  305  269  239  216  201
  204  233  284  341  394  441  488  537  580  614  645  681  727  776  815  840
  856  869  879  887  892  899  914  933  954  971  982  990  997 1002 1005 1003
  997  987  976  962  937  897  839  773  715
     7.5-180.0 180.0   5.0 450.0                            LAT/LON1/LON2/DLON/H
  638  576  549  557  588  628  669  713  763  817  856  862  829  770  708  657
  617  579  536  492  453  426  409  398  382  355  317  276  241  212  189  174
  180  213  269  332  391  444  495  546  591  624  654  690  738  788  829  856
  873  887  898  905  909  917  934  957  981  998 1008 1013 1016 1019 1017 1008
  993  976  963  950  926  881  810  723  638
     5.0-180.0 180.0   5.0 450.0                            LAT/LON1/LON2/DLON/H
  585  496  439  420  432  464  509  567  637  713  776  804  791  747  695  651
  613  574  528  478  432  398  377  364  348  322  286  248  215  188  166  153
  160  197  257  325  387  443  496  547  590  621  648  684  731  783  827  860
  885  907  924  934  940  949  968  993 1015 1029 1032 1030 1028 1025 1018 1003
  982  961  949  941  922  876  797  693  585
     2.5-180.0 180.0   5.0 450.0                            LAT/LON1/LON2/DLON/H
  578  469  386  336  319  332  367  423  498  582  656  699  701  674  636  602
  572  538  495  446  400  365  343  329  314  291  258  224  194  170  150  139
  148  186  247  317  380  435  487  535  574  602  626  660  706  760  809  851
  888  923  950  967  976  988 1006 1029 1046 1051 1045 1034 1024 1016 1005  986
  963  944  937  937  926  885  806  697  578
