COD0OPSRAP_20242160000_01D_01H_GIM.INX
     1.0            IONOSPHERE MAPS     GNSS                IONEX VERSION / TYPE
ADDNEQ2 V5.5        AIUB                04-AUG-24 08:02     PGM / RUN BY / DATE 
CODE'S RAPID IONOSPHERE MAPS FOR DAY 216, 2024              COMMENT             
Global ionosphere maps (GIM) are generated on a daily basis DESCRIPTION         
at CODE using data from about 120 GNSS sites of the IGS and DESCRIPTION         
other institutions. The vertical total electron content     DESCRIPTION         
(VTEC) is modeled in a solar-geomagnetic reference frame    DESCRIPTION         
using a spherical harmonics expansion up to degree and      DESCRIPTION         
order 15. Piece-wise linear functions are used for          DESCRIPTION         
representation in the time domain. The time spacing of      DESCRIPTION         
their vertices is 1 hour, conforming with the epochs of the DESCRIPTION         
VTEC maps.                                                  DESCRIPTION         
To convert line-of-sight TEC into vertical TEC, a modified  DESCRIPTION         
single-layer model mapping function approximating the JPL   DESCRIPTION         
extended slab model mapping function is adopted. The        DESCRIPTION         
mapping function is evaluated at geodetic satellite         DESCRIPTION         
elevation angles. For the computation of the ionospheric    DESCRIPTION         
pierce points, a spherical layer with a radius of 6821 km   DESCRIPTION         
is assumed, implying geocentric, not geodetic IONEX         DESCRIPTION         
latitudes.                                                  DESCRIPTION         
Instrumental biases with respect to each involved GNSS code DESCRIPTION         
observable are estimated as constant values for each        DESCRIPTION         
day. They are modeled with one set of bias parameters for   DESCRIPTION         
each satellite and each station in case of GPS and for each DESCRIPTION         
satellite-station link in case of GLONASS. The code bias    DESCRIPTION         
datum is defined by zero-mean conditions imposed on the     DESCRIPTION         
satellite bias estimates. In this file, just GPS C1W-C2W    DESCRIPTION         
satellite and station bias values are included. The         DESCRIPTION         
complete set of GNSS code bias results is provided in an    DESCRIPTION         
additional Bias-SINEX file as pseudo-absolute values        DESCRIPTION         
specific to each observable.                                DESCRIPTION         
Note: These GIM results correspond to the results for the   DESCRIPTION         
last day of a 3-day combination analysis solving for 73     DESCRIPTION         
times 256, or 18688 VTEC parameters and 3 daily sets of     DESCRIPTION         
GNSS code bias parameters.                                  DESCRIPTION         
Contact address: code(at)aiub.unibe.ch                      DESCRIPTION         
Data archive:    ftp.aiub.unibe.ch/CODE/                    DESCRIPTION         
                 www.aiub.unibe.ch/download/CODE/           DESCRIPTION         
  2024     8     3     0     0     0                        EPOCH OF FIRST MAP  
  2024     8     4     0     0     0                        EPOCH OF LAST MAP   
  3600                                                      INTERVAL            
[...]
    87.5 -87.5  -2.5                                        LAT1 / LAT2 / DLAT  
  -180.0 180.0   5.0                                        LON1 / LON2 / DLON  
    -1                                                      EXPONENT            
TEC/RMS values in 0.1 TECU; 9999, if no value available     COMMENT             
Peak TEC values for the included maps:                      COMMENT             
 890  878  865  852  862  877  904  939  963  924  856  822 COMMENT             
 844  852  858  847  844  831  829  835  845  869  893  916 COMMENT             
 930                                                        COMMENT             
List of stations:                                           COMMENT             
adis albh algo amu2 areq ascg aspa azgb bake barh bjfs bndy COMMENT             
bogo bor1 braz brft brst brux bshm cas1 ccj2 cedu chur cord COMMENT             
cpvg cpxf cro1 daej dgar dubo fair flin flrs frdn func ganp COMMENT             
glps glsv gode gold gope gras graz guam hers hert hnpt hofn COMMENT             
holm hrao iisc ineg invk iqal joz2 jplm kerg kir0 kit3 kour COMMENT             
lpal lpgs mal2 mas1 mat1 mate mcm4 mizu mkea mtka nano nklg COMMENT             
nnor ntus nya1 onsa park pdel pert pimo pots qaq1 rabt ramo COMMENT             
reun reyk rio2 sant sch2 scub sofi sthl stjo str2 suth syog COMMENT             
tabv tash thti thu2 tn22 tskb ulab unb3 unbj unsa urum usud COMMENT             
vald whit wind wtzz xmis yel2 yell ykro zim2 zimm           COMMENT             
                                                            END OF HEADER       
[from data line 8151]
    20                                                      START OF TEC MAP    
  2024     8     3    19     0     0                        EPOCH OF CURRENT MAP
    87.5-180.0 180.0   5.0 450.0                            LAT/LON1/LON2/DLON/H
  228  229  229  230  230  231  231  232  232  232  233  233  233  232  232  232
  231  231  230  229  228  227  226  225  224  223  222  221  219  218  217  216
  215  214  213  212  212  211  211  210  210  210  209  209  209  210  210  210
  210  211  211  212  212  213  214  215  215  216  217  218  218  219  220  221
  222  222  223  224  225  226  226  227  228
    85.0-180.0 180.0   5.0 450.0                            LAT/LON1/LON2/DLON/H
  221  222  223  224  226  227  228  229  230  231  232  232  233  233  233  233
  232  231  230  229  227  225  223  221  218  216  214  211  209  207  204  202
  200  199  197  196  195  194  193  192  192  192  192  192  192  193  193  194
  195  196  196  198  199  200  201  202  203  205  206  207  208  209  210  211
  212  213  214  215  216  217  218  219  221
    82.5-180.0 180.0   5.0 450.0                            LAT/LON1/LON2/DLON/H
  204  206  207  209  211  213  215  217  219  221  222  224  225  226  227  227
  227  226  225  223  221  218  216  213  209  206  202  199  196  193  190  187
  185  183  181  180  179  178  177  177  177  177  177  177  178  178  179  180
  181  182  183  185  186  187  189  190  191  192  194  195  195  196  197  197
  198  199  199  200  200  201  202  203  204
    80.0-180.0 180.0   5.0 450.0                            LAT/LON1/LON2/DLON/H
  184  186  187  189  191  194  196  199  201  204  207  209  212  214  215  216
  217  217  216  215  213  211  208  204  200  196  192  188  184  181  178  175
  173  171  170  169  169  168  168  168  168  168  169  169  169  170  171  171
  172  173  174  175  177  178  179  180  181  182  183  183  183  183  183  183
  183  182  182  182  182  182  183  183  184
    77.5-180.0 180.0   5.0 450.0                            LAT/LON1/LON2/DLON/H
  167  168  170  171  173  175  178  180  183  186  190  193  196  199  202  204
  206  208  208  208  207  205  202  199  195  191  186  182  178  175  172  169
  168  167  167  167  167  167  167  168  168  168  168  168  168  168  168  169
  169  170  170  171  171  172  172  173  173  174  174  174  173  173  172  171
  170  168  167  167  166  166  166  167  167
    75.0-180.0 180.0   5.0 450.0                            LAT/LON1/LON2/DLON/H
  159  160  161  162  163  164  166  168  170  173  176  179  183  187  191  195
  198  201  204  205  205  205  203  200  197  193  188  184  179  176  173  171
  170  170  171  172  172  173  174  174  173  173  173  172  172  171  171  171
  171  170  170  169  169  168  168  168  168  167  167  167  166  165  164  162
  161  159  158  157  157  157  157  158  159
    72.5-180.0 180.0   5.0 450.0                            LAT/LON1/LON2/DLON/H
  162  163  163  163  163  163  164  164  166  167  169  172  176  180  185  190
  195  200  204  208  211  212  211  210  207  203  198  193  189  185  182  180
  179  180  181  182  183  183  184  183  182  181  180  178  177  176  176  175
  174  173  171  169  167  166  164  163  162  162  162  162  161  160  159  158
  156  155  155  155  156  158  159  161  162
    70.0-180.0 180.0   5.0 450.0                            LAT/LON1/LON2/DLON/H
  175  176  176  175  174  173  171  170  170  170  171  173  176  180  185  191
  198  205  211  217  222  225  226  226  224  220  215  210  205  200  196  194
  192  192  193  194  195  195  194  193  190  188  186  183  182  181  180  178
  177  175  172  169  165  162  159  157  156  156  156  157  157  157  156  155
  155  155  156  159  162  166  170  173  175
    67.5-180.0 180.0   5.0 450.0                            LAT/LON1/LON2/DLON/H
  194  195  195  193  190  187  185  182  181  179  179  180  182  186  191  198
  206  214  223  231  237  242  245  246  244  241  236  230  224  218  213  209
  207  207  207  207  207  205  203  200  197  193  189  186  184  182  181  180
  178  175  171  166  161  156  152  149  148  149  150  151  152  153  153  153
  154  156  160  166  172  179  186  191  194
    65.0-180.0 180.0   5.0 450.0                            LAT/LON1/LON2/DLON/H
  212  213  212  209  206  202  199  196  193  192  191  191  193  196  202  209
  218  227  237  246  253  259  263  265  264  262  257  250  243  236  230  226
  222  221  219  218  217  214  211  206  201  196  191  187  185  183  181  180
  177  174  169  162  155  149  143  140  139  140  142  145  147  149  149  150
  152  156  162  171  182  192  201  208  212
    62.5-180.0 180.0   5.0 450.0                            LAT/LON1/LON2/DLON/H
  224  225  223  219  216  212  209  206  204  203  202  202  204  208  214  222
  231  240  250  259  266  273  277  280  280  278  273  267  260  253  247  241
  237  234  232  230  227  223  218  213  207  200  195  190  187  184  182  180
  176  172  166  158  150  142  136  132  131  133  136  139  142  144  144  145
  148  153  162  173  187  200  212  220  224
    60.0-180.0 180.0   5.0 450.0                            LAT/LON1/LON2/DLON/H
  228  228  225  220  216  213  212  210  210  210  210  212  215  220  226  234
  243  252  260  267  274  279  284  286  287  286  283  279  273  267  261  256
  252  249  246  242  238  233  228  222  215  209  203  197  193  189  186  182
  178  172  165  156  147  138  132  128  127  129  132  135  138  139  139  140
  142  148  158  172  187  203  216  224  228
    57.5-180.0 180.0   5.0 450.0                            LAT/LON1/LON2/DLON/H
  224  222  218  214  211  209  208  209  210  212  215  218  223  229  236  244
  252  259  266  271  275  279  282  285  287  288  287  284  281  278  274  271
  267  264  260  256  251  246  241  235  229  223  217  211  205  199  194  188
  182  175  167  158  149  140  134  130  129  130  133  136  137  137  136  135
  137  142  153  168  185  201  214  221  224
    55.0-180.0 180.0   5.0 450.0                            LAT/LON1/LON2/DLON/H
  217  214  210  205  203  202  203  206  209  212  216  221  228  236  244  252
  259  264  267  269  271  272  274  277  280  283  285  286  286  286  286  285
  283  280  276  271  266  261  256  252  247  242  236  229  222  214  207  199
  191  182  174  165  156  148  142  138  137  138  140  141  141  140  137  135
  135  140  151  165  183  198  210  216  217
    52.5-180.0 180.0   5.0 450.0                            LAT/LON1/LON2/DLON/H
  214  210  206  202  200  201  203  205  208  212  218  224  232  241  250  258
  263  266  266  265  264  263  265  268  272  276  281  285  289  292  295  297
  297  295  291  287  282  277  273  270  267  262  256  249  241  231  221  211
  201  192  183  175  167  161  156  153  152  152  153  153  151  148  144  140
  140  144  154  169  185  200  210  215  214
    50.0-180.0 180.0   5.0 450.0                            LAT/LON1/LON2/DLON/H
  220  216  213  210  209  210  211  212  215  218  223  230  239  248  257  264
  268  268  265  262  258  256  257  260  266  272  278  284  291  298  304  308
  309  308  304  299  295  292  289  287  284  280  274  266  256  246  234  223
  212  202  193  186  180  176  173  171  171  171  170  169  166  161  156  153
  152  157  166  180  196  210  219  222  220
    47.5-180.0 180.0   5.0 450.0                            LAT/LON1/LON2/DLON/H
  238  235  233  232  233  232  232  231  230  231  235  241  250  259  267  273
  274  272  267  262  257  255  256  260  266  273  280  287  295  303  310  316
  318  317  313  309  306  304  302  301  297  292  285  276  265  254  242  230
  219  209  202  196  192  190  189  190  190  191  190  187  184  179  175  172
  172  177  187  201  216  229  237  240  238
    45.0-180.0 180.0   5.0 450.0                            LAT/LON1/LON2/DLON/H
  267  266  266  268  269  268  265  261  257  255  255  260  267  276  283  286
  285  281  275  269  264  262  263  268  275  282  288  294  301  309  316  321
  323  322  319  316  314  314  313  311  305  297  287  277  266  255  244  233
  223  214  208  204  202  202  203  205  208  209  209  207  203  199  196  195
  196  202  212  227  242  255  264  267  267
    42.5-180.0 180.0   5.0 450.0                            LAT/LON1/LON2/DLON/H
  301  304  307  311  312  311  306  299  292  287  285  287  293  299  305  306
  303  297  290  284  279  278  280  286  292  298  303  306  311  316  322  326
  328  327  325  323  324  325  324  320  311  299  285  273  262  252  243  234
  225  218  213  210  209  210  213  217  222  226  227  226  223  220  218  218
  221  228  239  254  270  285  294  299  301
    40.0-180.0 180.0   5.0 450.0                            LAT/LON1/LON2/DLON/H
  335  341  348  354  357  356  350  342  334  328  324  323  327  331  335  334
  328  321  313  307  303  302  305  310  317  321  323  324  324  327  331  334
  335  335  334  335  338  340  338  331  318  301  284  269  258  250  243  236
  229  223  220  218  217  219  222  228  234  240  243  243  240  238  237  239
  243  250  262  277  295  311  323  330  335
    37.5-180.0 180.0   5.0 450.0                            LAT/LON1/LON2/DLON/H
  362  371  382  391  396  396  392  386  379  373  368  366  368  371  373  370
  362  353  344  338  334  332  333  338  344  348  348  345  343  343  346  349
  351  352  353  356  360  362  359  348  331  310  289  274  263  256  251  245
  239  235  232  231  230  231  233  239  246  253  258  258  256  254  253  254
  258  265  276  292  311  329  343  354  362
    35.0-180.0 180.0   5.0 450.0                            LAT/LON1/LON2/DLON/H
  378  391  405  417  425  428  427  425  422  419  415  414  415  418  418  413
  404  392  382  374  368  364  364  367  372  375  374  369  366  366  370  374
  378  381  384  388  391  391  385  372  351  328  306  291  282  275  270  264
  259  256  254  253  252  250  250  254  261  268  273  273  269  265  263  263
  266  271  280  295  315  335  353  367  378
    32.5-180.0 180.0   5.0 450.0                            LAT/LON1/LON2/DLON/H
  383  399  416  432  444  451  455  459  462  463  463  463  465  469  469  463
  451  437  425  414  405  397  393  394  398  401  400  396  393  396  403  411
  419  424  428  430  429  424  414  398  377  354  335  322  314  309  302  295
  289  286  286  286  284  279  275  275  279  284  288  286  280  273  268  266
  266  268  274  288  308  331  351  368  383
    30.0-180.0 180.0   5.0 450.0                            LAT/LON1/LON2/DLON/H
  379  398  419  438  453  465  475  486  496  503  507  510  515  521  523  516
  502  485  470  456  442  429  420  419  422  426  426  424  426  433  446  459
  471  479  481  477  468  455  439  421  401  383  370  362  357  351  342  332
  326  324  326  327  324  316  306  300  299  301  302  297  288  278  270  265
  261  258  261  273  292  317  340  361  379
    27.5-180.0 180.0   5.0 450.0                            LAT/LON1/LON2/DLON/H
  370  393  416  439  458  474  490  507  524  537  546  553  562  571  575  569
  554  535  516  499  481  462  448  443  445  449  452  454  461  475  495  515
  531  539  537  523  500  475  452  432  417  406  401  401  400  394  383  370
  364  364  369  371  367  355  340  327  319  316  313  304  292  279  269  261
  253  247  245  254  272  298  324  348  370
    25.0-180.0 180.0   5.0 450.0                            LAT/LON1/LON2/DLON/H
  361  387  413  438  461  481  501  523  545  563  577  588  602  616  623  619
  603  583  563  543  521  497  478  469  470  475  480  487  500  520  547  572
  591  598  587  559  520  480  447  426  416  415  420  428  431  426  413  400
  394  398  406  411  405  389  368  348  334  325  317  306  292  277  266  256
  246  236  230  235  253  279  308  336  361
    22.5-180.0 180.0   5.0 450.0                            LAT/LON1/LON2/DLON/H
  355  383  412  439  464  487  509  533  558  580  598  614  633  651  664  662
  648  628  608  588  564  537  514  501  500  504  511  521  539  566  596  625
  645  647  627  583  525  468  425  403  397  404  418  433  441  437  424  413
  411  420  432  438  431  411  384  358  338  324  313  300  286  272  262  252
  240  227  219  221  237  263  295  326  355
    20.0-180.0 180.0   5.0 450.0                            LAT/LON1/LON2/DLON/H
  352  383  413  441  468  491  515  539  565  589  610  630  653  677  694  697
  687  670  652  634  611  582  557  541  536  539  545  557  578  608  640  669
  687  684  652  592  516  444  392  367  363  375  395  414  425  424  414  407
  411  425  441  447  438  414  384  353  329  312  299  287  275  265  257  249
  237  223  212  212  226  253  286  320  352
    17.5-180.0 180.0   5.0 450.0                            LAT/LON1/LON2/DLON/H
  353  384  415  443  470  494  517  541  566  591  614  638  664  691  713  722
  718  706  694  680  660  633  606  588  580  579  583  595  616  645  676  701
  715  706  665  593  502  418  358  330  325  337  356  376  389  390  385  385
  397  417  434  438  425  398  365  333  307  289  277  267  259  254  251  245
  235  220  209  207  221  248  282  318  353
    15.0-180.0 180.0   5.0 450.0                            LAT/LON1/LON2/DLON/H
  355  387  416  444  471  495  518  539  563  589  614  639  667  697  723  739
  742  739  733  725  710  686  660  640  628  623  623  632  651  677  702  722
  730  716  670  590  492  402  338  305  296  301  315  331  342  345  346  354
  374  399  415  414  396  367  333  302  277  260  250  244  241  241  243  241
  232  218  207  206  219  246  281  319  355
    12.5-180.0 180.0   5.0 450.0                            LAT/LON1/LON2/DLON/H
  358  390  417  444  471  496  518  539  561  587  613  639  667  697  727  748
  760  766  768  766  756  736  713  692  677  667  663  668  682  702  719  732
  735  719  672  593  496  407  343  306  288  282  285  293  300  305  311  327
  353  379  391  382  358  326  294  266  245  230  223  221  222  227  233  233
  226  214  204  204  217  245  281  321  358
    10.0-180.0 180.0   5.0 450.0                            LAT/LON1/LON2/DLON/H
  361  393  419  444  471  498  521  542  564  590  617  642  668  696  727  754
  774  787  796  800  795  780  759  739  722  708  699  699  708  720  730  735
  734  719  676  604  517  436  376  337  310  291  280  277  279  283  293  314
  343  365  368  350  319  286  258  235  217  206  201  201  205  213  220  222
  215  205  197  199  214  242  280  322  361
     7.5-180.0 180.0   5.0 450.0                            LAT/LON1/LON2/DLON/H
  363  396  422  447  476  506  531  553  576  602  629  652  673  698  728  758
  784  803  817  824  822  811  794  776  758  741  729  724  727  732  734  734
  731  718  684  625  553  486  434  395  360  328  304  292  288  289  300  321
  346  361  352  323  286  253  230  213  200  192  188  187  191  197  204  205
  198  189  184  189  206  236  277  322  363
     5.0-180.0 180.0   5.0 450.0                            LAT/LON1/LON2/DLON/H
  364  400  428  455  488  522  551  575  599  625  650  670  686  705  732  763
  792  814  828  835  834  827  814  800  783  765  749  740  738  736  733  728
  725  717  693  649  595  545  505  468  428  387  354  335  325  323  330  346
  363  365  343  303  261  231  214  203  195  187  182  178  178  180  183  182
  175  167  165  173  193  225  268  318  364
     2.5-180.0 180.0   5.0 450.0                            LAT/LON1/LON2/DLON/H
  363  405  438  470  507  546  580  607  631  656  680  696  706  718  741  770
  798  819  830  834  832  827  819  809  795  777  760  747  739  733  725  718
  715  711  697  668  631  597  568  536  496  453  418  396  383  376  375  381
  385  372  336  287  244  218  208  202  197  189  181  172  165  161  159  155
  147  140  140  151  173  207  254  309  363
