COD0OPSRAP_20242380000_01D_01H_GIM.INX
     1.0            IONOSPHERE MAPS     GNSS                IONEX VERSION / TYPE
ADDNEQ2 V5.5        AIUB                26-AUG-24 08:01     PGM / RUN BY / DATE 
CODE'S RAPID IONOSPHERE MAPS FOR DAY 238, 2024              COMMENT             
Global ionosphere maps (GIM) are generated on a daily basis DESCRIPTION         
at CODE using data from about 120 GNSS sites of the IGS and DESCRIPTION         
other institutions. The vertical total electron content     DESCRIPTION         
(VTEC) is modeled in a solar-geomagnetic reference frame    DESCRIPTION         
using a spherical harmonics expansion up to degree and      DESCRIPTION         
order 15. Piece-wise linear functions are used for          DESCRIPTION         
representation in the time domain. The time spacing of      DESCRIPTION         
their vertices is 1 hour, conforming with the epochs of the DESCRIPTION         
VTEC maps.                                                  DESCRIPTION         
To convert line-of-sight TEC into vertical TEC, a modified  DESCRIPTION         
single-layer model mapping function approximating the JPL   DESCRIPTION         
extended slab model mapping function is adopted. The        DESCRIPTION         
mapping function is evaluated at geodetic satellite         DESCRIPTION         
elevation angles. For the computation of the ionospheric    DESCRIPTION         
pierce points, a spherical layer with a radius of 6821 km   DESCRIPTION         
is assumed, implying geocentric, not geodetic IONEX         DESCRIPTION         
latitudes.                                                  DESCRIPTION         
Instrumental biases with respect to each involved GNSS code DESCRIPTION         
observable are estimated as constant values for each        DESCRIPTION         
day. They are modeled with one set of bias parameters for   DESCRIPTION         
each satellite and each station in case of GPS and for each DESCRIPTION         
satellite-station link in case of GLONASS. The code bias    DESCRIPTION         
datum is defined by zero-mean conditions imposed on the     DESCRIPTION         
satellite bias estimates. In this file, just GPS C1W-C2W    DESCRIPTION         
satellite and station bias values are included. The         DESCRIPTION         
complete set of GNSS code bias results is provided in an    DESCRIPTION         
additional Bias-SINEX file as pseudo-absolute values        DESCRIPTION         
specific to each observable.                                DESCRIPTION         
Note: These GIM results correspond to the results for the   DESCRIPTION         
last day of a 3-day combination analysis solving for 73     DESCRIPTION         
times 256, or 18688 VTEC parameters and 3 daily sets of     DESCRIPTION         
GNSS code bias parameters.                                  DESCRIPTION         
Contact address: code(at)aiub.unibe.ch                      DESCRIPTION         
Data archive:    ftp.aiub.unibe.ch/CODE/                    DESCRIPTION         
                 www.aiub.unibe.ch/download/CODE/           DESCRIPTION         
  2024     8    25     0     0     0                        EPOCH OF FIRST MAP  
  2024     8    26     0     0     0                        EPOCH OF LAST MAP   
  3600                                                      INTERVAL            
[...]
    87.5 -87.5  -2.5                                        LAT1 / LAT2 / DLAT  
  -180.0 180.0   5.0                                        LON1 / LON2 / DLON  
    -1                                                      EXPONENT            
TEC/RMS values in 0.1 TECU; 9999, if no value available     COMMENT             
Peak TEC values for the included maps:                      COMMENT             
1120 1142 1188 1199 1130 1043 1014 1039 1091 1101 1063 1013 COMMENT             
 978  955  955 1045 1085 1064 1068 1029 1018 1036 1059 1059 COMMENT             
1071                                                        COMMENT             
List of stations:                                           COMMENT             
albh algo alic amu2 areq ascg aspa bake bogo bor1 braz brft COMMENT             
brst brux bshm cas1 ccj2 cedu chur cord cpvg cro1 darw dav1 COMMENT             
dgar dubo faa1 fair flin flrs frdn func ganp glps glsv gode COMMENT             
gope gras graz guam guat hers hert hnpt hob2 hofn hrao ineg COMMENT             
invk iqal joz2 jplm kerg kir0 kit3 kour lpal lpgs mac1 mal2 COMMENT             
mas1 mat1 mate maw1 mcm4 mizu mkea mobs mtka nano nklg nnor COMMENT             
ntus nya1 onsa park pdel pert pimo pots qaq1 rabt reun reyk COMMENT             
rio2 sant sch2 scub sofi sthl stjo str2 suth sydn syog tabv COMMENT             
tash thti thu2 tid1 tn22 tow2 ulab unb3 unbj unsa urum usud COMMENT             
vald whit wind wtzz xmis yarr yel2 ykro zim2 zimm           COMMENT             
                                                            END OF HEADER       
[from data line 6006]
    15                                                      START OF TEC MAP    
  2024     8    25    14     0     0                        EPOCH OF CURRENT MAP
    87.5-180.0 180.0   5.0 450.0                            LAT/LON1/LON2/DLON/H
  232  233  234  235  236  236  237  238  238  239  239  240  240  240  241  241
  240  240  240  240  239  239  238  237  237  236  235  234  233  232  231  230
  228  227  226  225  224  223  221  220  219  218  218  217  216  216  216  215
  215  215  215  216  216  216  217  218  218  219  220  221  221  222  223  224
  225  226  227  228  229  230  230  231  232
    85.0-180.0 180.0   5.0 450.0                            LAT/LON1/LON2/DLON/H
  228  229  230  232  233  235  236  238  239  240  241  242  243  244  244  244
  244  244  243  243  242  241  241  240  238  237  236  235  233  232  230  228
  226  224  222  220  217  215  213  210  208  206  205  203  202  201  201  201
  201  201  202  203  204  205  207  208  210  211  212  214  215  216  217  219
  220  221  221  222  223  224  225  227  228
    82.5-180.0 180.0   5.0 450.0                            LAT/LON1/LON2/DLON/H
  216  217  219  220  222  224  226  229  231  233  235  237  239  240  240  241
  240  240  240  239  238  237  236  235  235  234  234  233  232  231  230  229
  227  225  222  219  215  212  208  205  201  198  195  193  192  191  191  192
  193  194  196  198  200  202  204  206  208  210  212  213  214  215  215  216
  216  216  216  215  215  215  215  216  216
    80.0-180.0 180.0   5.0 450.0                            LAT/LON1/LON2/DLON/H
  200  200  200  202  204  206  210  213  217  220  223  226  229  230  231  232
  232  231  230  229  229  228  227  227  227  228  229  230  231  232  233  233
  232  230  227  224  220  215  210  205  200  196  193  191  190  189  190  192
  194  197  200  203  207  209  212  214  216  218  219  219  219  219  218  216
  215  213  210  208  205  203  202  200  200
    77.5-180.0 180.0   5.0 450.0                            LAT/LON1/LON2/DLON/H
  181  180  179  180  182  185  189  194  199  204  209  213  216  219  221  222
  222  221  220  219  218  217  217  218  220  222  225  229  233  236  239  241
  241  241  238  235  230  224  218  212  206  202  198  197  196  198  200  204
  208  212  217  220  224  226  228  230  230  230  230  229  228  226  223  219
  215  211  206  201  196  191  187  183  181
    75.0-180.0 180.0   5.0 450.0                            LAT/LON1/LON2/DLON/H
  163  161  159  160  162  165  170  175  182  188  194  200  205  209  212  213
  214  213  212  211  210  210  210  212  215  219  224  230  236  242  247  251
  254  254  253  249  244  238  231  224  218  213  210  210  211  215  220  226
  232  237  242  245  247  248  247  246  245  243  240  238  234  231  227  222
  216  209  202  195  187  180  173  168  163
    72.5-180.0 180.0   5.0 450.0                            LAT/LON1/LON2/DLON/H
  149  145  143  143  145  149  154  160  168  176  184  191  198  203  206  209
  209  209  208  207  207  207  208  211  215  220  227  234  242  249  256  262
  266  268  267  264  259  252  245  238  232  228  226  227  231  237  245  253
  260  266  269  270  269  266  262  257  252  247  243  238  234  229  224  219
  212  204  196  187  178  169  161  154  149
    70.0-180.0 180.0   5.0 450.0                            LAT/LON1/LON2/DLON/H
  136  132  131  131  133  137  143  150  159  167  177  185  193  199  204  206
  208  208  208  207  207  208  211  214  219  225  232  239  247  255  263  269
  274  277  278  275  271  265  258  252  246  243  243  246  253  261  271  280
  287  291  292  289  283  275  266  257  248  240  234  228  223  218  213  208
  201  193  185  175  166  157  149  141  136
    67.5-180.0 180.0   5.0 450.0                            LAT/LON1/LON2/DLON/H
  124  121  120  122  125  129  136  144  153  162  172  182  190  197  202  206
  207  208  208  209  210  212  215  219  224  230  236  242  250  257  265  272
  278  281  283  283  280  275  270  264  260  258  259  264  271  281  291  300
  306  308  305  297  285  271  257  243  231  221  213  207  202  198  193  188
  182  175  167  159  150  142  134  128  124
    65.0-180.0 180.0   5.0 450.0                            LAT/LON1/LON2/DLON/H
  110  109  110  113  117  122  129  138  148  159  169  179  188  195  200  203
  205  206  207  208  211  215  219  223  228  232  237  242  248  255  262  269
  276  281  285  286  286  284  280  276  273  272  273  278  285  295  304  312
  315  313  305  291  274  255  237  220  206  196  187  181  177  172  168  163
  157  151  144  137  130  123  117  113  110
    62.5-180.0 180.0   5.0 450.0                            LAT/LON1/LON2/DLON/H
   95   96   98  102  107  113  121  131  142  153  165  175  184  191  196  198
  200  201  203  205  209  214  220  224  228  231  233  237  241  248  256  264
  273  280  286  290  292  292  291  288  286  284  284  288  294  301  308  313
  313  307  294  277  256  234  214  197  183  173  165  160  155  150  144  139
  133  126  120  113  107  102   98   96   95
    60.0-180.0 180.0   5.0 450.0                            LAT/LON1/LON2/DLON/H
   81   82   85   89   94  101  110  121  133  145  158  169  178  184  189  191
  193  194  197  200  206  212  217  222  224  225  226  228  232  239  249  260
  271  281  289  296  300  303  303  301  299  296  294  295  298  302  305  307
  303  294  280  260  238  217  198  182  171  162  156  150  144  138  130  122
  114  107  100   93   88   84   81   80   81
    57.5-180.0 180.0   5.0 450.0                            LAT/LON1/LON2/DLON/H
   70   71   73   76   80   87   96  108  121  135  149  160  169  176  181  184
  186  188  192  197  203  210  215  219  219  218  217  218  223  233  246  260
  275  288  298  307  313  316  318  316  313  308  304  301  300  300  300  299
  293  283  268  249  230  211  196  184  176  170  165  159  151  142  131  120
  109   99   91   83   78   74   71   70   70
    55.0-180.0 180.0   5.0 450.0                            LAT/LON1/LON2/DLON/H
   69   68   68   68   69   74   83   95  109  125  139  151  161  168  174  179
  183  188  193  200  206  213  217  219  217  214  211  211  218  230  247  266
  285  300  313  322  329  333  334  331  327  320  313  307  303  300  297  294
  288  278  265  250  236  222  212  205  201  197  192  185  175  162  148  133
  120  107   97   88   81   76   73   71   69
    52.5-180.0 180.0   5.0 450.0                            LAT/LON1/LON2/DLON/H
   82   77   73   68   66   68   74   86  101  117  132  144  155  164  172  180
  189  197  205  212  219  225  228  227  222  216  211  211  219  234  255  278
  300  318  331  341  347  350  350  346  340  332  323  315  309  305  301  297
  292  284  275  266  256  249  243  240  238  235  230  222  210  195  178  161
  145  131  118  108  100   93   89   85   82
    50.0-180.0 180.0   5.0 450.0                            LAT/LON1/LON2/DLON/H
  107  100   91   81   74   71   75   85   99  115  129  142  154  165  177  190
  204  217  228  237  243  247  248  245  237  227  220  218  226  243  267  292
  316  335  350  360  366  367  365  360  352  343  335  327  321  316  313  310
  306  302  297  292  287  284  282  280  278  275  268  259  246  231  214  197
  180  165  152  141  131  124  118  113  107
    47.5-180.0 180.0   5.0 450.0                            LAT/LON1/LON2/DLON/H
  142  132  120  106   94   87   87   94  107  121  134  147  159  172  188  207
  228  246  261  271  277  279  277  271  261  248  238  234  240  256  279  305
  330  350  366  377  383  385  381  375  366  357  349  343  339  336  334  332
  330  328  326  324  322  320  317  314  310  304  296  286  274  260  246  231
  217  204  191  179  170  162  155  149  142
    45.0-180.0 180.0   5.0 450.0                            LAT/LON1/LON2/DLON/H
  180  170  155  139  124  113  110  114  123  135  146  158  171  186  207  231
  258  282  300  311  315  315  311  303  292  277  263  256  258  270  290  314
  338  360  379  393  402  405  401  393  384  375  369  366  364  363  362  361
  360  359  357  355  352  347  342  335  327  318  308  298  288  278  268  259
  249  238  227  216  207  199  193  187  180
    42.5-180.0 180.0   5.0 450.0                            LAT/LON1/LON2/DLON/H
  213  204  190  173  157  145  139  140  146  155  164  175  188  206  230  259
  290  318  339  350  352  350  345  336  324  309  292  281  278  285  300  320
  343  368  391  412  426  433  430  422  411  402  397  396  397  397  397  395
  394  391  387  381  373  364  354  342  330  317  305  295  288  283  279  275
  270  263  254  245  236  229  223  219  213
    40.0-180.0 180.0   5.0 450.0                            LAT/LON1/LON2/DLON/H
  234  228  217  202  187  175  169  168  171  177  185  195  210  229  255  287
  321  351  371  381  382  378  372  365  355  340  322  307  299  300  309  326
  349  378  409  439  462  474  475  466  453  442  437  435  437  437  436  434
  429  423  414  403  388  373  357  341  325  310  297  288  282  281  282  283
  282  278  270  262  253  246  241  238  234
    37.5-180.0 180.0   5.0 450.0                            LAT/LON1/LON2/DLON/H
  242  238  230  220  209  199  193  191  192  197  204  216  232  254  280  312
  345  375  395  402  401  396  391  386  379  367  351  335  323  319  325  339
  364  398  439  480  514  534  537  528  512  497  488  485  484  483  481  476
  468  458  443  424  403  381  362  344  327  312  298  288  283  283  285  288
  289  285  278  269  259  252  247  244  242
    35.0-180.0 180.0   5.0 450.0                            LAT/LON1/LON2/DLON/H
  238  235  231  225  218  212  208  206  207  211  219  234  253  277  303  333
  363  390  407  413  410  404  401  400  398  390  377  363  351  347  351  366
  394  435  486  538  582  610  617  606  586  566  551  542  538  535  531  523
  513  498  478  452  424  399  378  362  348  334  321  309  301  298  298  300
  299  293  284  272  260  251  244  240  238
    32.5-180.0 180.0   5.0 450.0                            LAT/LON1/LON2/DLON/H
  229  226  223  219  216  213  211  211  212  216  227  246  270  296  322  348
  375  398  412  416  412  407  406  409  412  409  402  393  387  386  393  412
  445  492  551  612  664  697  706  694  670  643  621  606  598  592  586  578
  566  549  523  492  460  433  414  402  393  383  370  356  344  335  329  325
  319  309  296  280  265  252  241  234  229
    30.0-180.0 180.0   5.0 450.0                            LAT/LON1/LON2/DLON/H
  225  217  212  209  206  205  206  206  208  213  227  250  280  309  336  359
  381  401  413  416  413  409  411  417  424  428  428  428  430  438  453  478
  516  568  631  695  750  784  794  781  753  720  692  673  661  653  646  639
  627  608  580  545  510  482  467  461  459  454  443  426  408  391  377  366
  353  338  319  299  279  262  247  235  225
    27.5-180.0 180.0   5.0 450.0                            LAT/LON1/LON2/DLON/H
  231  217  208  201  196  194  195  196  198  204  220  248  283  316  344  365
  384  402  414  418  417  415  419  428  439  448  457  468  483  503  529  561
  603  655  716  777  828  860  869  854  825  789  758  736  722  714  709  703
  693  674  644  605  567  540  527  528  532  532  523  505  483  459  438  419
  400  379  355  331  308  287  267  248  231
    25.0-180.0 180.0   5.0 450.0                            LAT/LON1/LON2/DLON/H
  251  230  213  200  191  185  184  185  187  193  209  239  278  316  346  367
  386  403  418  425  426  427  433  445  458  473  490  513  542  576  613  652
  695  743  795  845  887  913  919  905  877  843  813  791  779  773  769  765
  756  736  704  662  620  591  579  583  591  595  590  574  552  526  500  476
  453  428  402  375  350  326  301  276  251
    22.5-180.0 180.0   5.0 450.0                            LAT/LON1/LON2/DLON/H
  282  254  231  210  193  182  177  177  177  182  197  227  268  309  342  366
  386  407  424  436  442  446  454  467  482  501  526  561  603  651  697  740
  781  821  859  893  920  936  939  928  905  878  853  835  826  823  821  818
  807  785  748  701  653  619  605  607  617  625  625  615  598  575  550  526
  501  476  449  423  398  372  344  313  282
    20.0-180.0 180.0   5.0 450.0                            LAT/LON1/LON2/DLON/H
  317  285  255  228  203  186  177  174  173  174  186  213  254  297  334  362
  386  411  433  450  460  468  478  493  510  533  565  609  663  719  771  816
  851  879  900  916  927  933  933  926  912  894  877  866  862  861  859  853
  838  810  766  711  656  615  594  591  599  609  616  617  611  597  578  557
  536  513  489  465  441  416  387  353  317
    17.5-180.0 180.0   5.0 450.0                            LAT/LON1/LON2/DLON/H
  347  312  280  248  218  195  182  177  174  172  177  199  237  282  322  355
  385  414  442  463  478  490  503  520  540  567  605  655  715  776  830  871
  899  914  919  918  914  911  909  908  904  897  890  886  885  884  879  867
  843  805  752  688  625  575  545  535  538  550  566  581  590  589  579  565
  549  532  513  493  472  448  419  384  347
    15.0-180.0 180.0   5.0 450.0                            LAT/LON1/LON2/DLON/H
  361  328  297  265  232  205  189  183  179  172  172  187  221  266  309  347
  382  416  448  473  492  509  526  546  571  602  643  697  758  819  869  904
  923  927  921  907  893  884  882  885  891  894  895  896  896  892  881  859
  824  774  711  639  569  511  474  455  454  466  491  520  546  558  558  550
  541  530  516  501  483  461  432  397  361
    12.5-180.0 180.0   5.0 450.0                            LAT/LON1/LON2/DLON/H
  357  329  302  273  240  212  195  189  183  174  168  177  207  250  297  339
  378  415  449  478  501  522  545  571  600  635  679  732  791  846  890  917
  928  925  912  893  875  864  863  871  883  893  898  900  897  888  868  835
  787  727  655  578  504  443  401  377  372  385  416  458  497  520  525  522
  516  510  502  490  474  452  424  391  357
    10.0-180.0 180.0   5.0 450.0                            LAT/LON1/LON2/DLON/H
  336  312  292  269  240  213  197  190  185  175  165  168  194  237  286  332
  373  412  448  478  505  532  561  593  628  667  711  762  814  861  895  915
  921  915  902  885  870  861  862  872  886  897  902  899  891  874  846  803
  746  678  602  524  453  396  355  330  322  335  370  419  463  489  495  490
  484  481  475  465  449  427  398  366  336
     7.5-180.0 180.0   5.0 450.0                            LAT/LON1/LON2/DLON/H
  302  283  270  254  231  207  192  186  182  171  159  160  184  227  278  326
  369  409  444  477  507  539  575  615  655  697  740  785  828  866  892  905
  907  902  895  887  880  876  879  889  901  908  906  896  880  857  823  775
  714  643  569  498  436  390  357  335  327  338  371  418  460  480  478  465
  455  450  445  434  417  392  362  330  302
     5.0-180.0 180.0   5.0 450.0                            LAT/LON1/LON2/DLON/H
  266  250  243  233  216  196  182  177  172  162  151  152  176  220  272  322
  366  406  441  476  510  549  592  637  682  725  765  802  837  864  883  891
  892  891  892  896  901  904  909  915  921  920  909  890  867  840  805  759
  700  634  568  510  464  434  414  400  392  399  424  462  491  497  480  455
  436  427  419  406  385  358  326  293  266
     2.5-180.0 180.0   5.0 450.0                            LAT/LON1/LON2/DLON/H
  235  220  215  210  199  182  169  163  158  149  140  143  168  214  268  320
  365  405  441  478  518  562  610  660  708  750  785  814  839  858  871  876
  876  880  890  906  922  933  938  940  938  927  905  878  850  825  796  758
  709  655  603  561  534  522  517  512  505  505  517  537  548  534  498  458
  429  414  401  384  359  329  296  262  235
