COD0OPSRAP_20241630000_01D_01H_GIM.INX
     1.0            IONOSPHERE MAPS     GNSS                IONEX VERSION / TYPE
ADDNEQ2 V5.5        AIUB                14-JUN-24 10:06     PGM / RUN BY / DATE 
CODE'S RAPID IONOSPHERE MAPS FOR DAY 163, 2024              COMMENT             
Global ionosphere maps (GIM) are generated on a daily basis DESCRIPTION         
at CODE using data from about 120 GNSS sites of the IGS and DESCRIPTION         
other institutions. The vertical total electron content     DESCRIPTION         
(VTEC) is modeled in a solar-geomagnetic reference frame    DESCRIPTION         
using a spherical harmonics expansion up to degree and      DESCRIPTION         
order 15. Piece-wise linear functions are used for          DESCRIPTION         
representation in the time domain. The time spacing of      DESCRIPTION         
their vertices is 1 hour, conforming with the epochs of the DESCRIPTION         
VTEC maps.                                                  DESCRIPTION         
To convert line-of-sight TEC into vertical TEC, a modified  DESCRIPTION         
single-layer model mapping function approximating the JPL   DESCRIPTION         
extended slab model mapping function is adopted. The        DESCRIPTION         
mapping function is evaluated at geodetic satellite         DESCRIPTION         
elevation angles. For the computation of the ionospheric    DESCRIPTION         
pierce points, a spherical layer with a radius of 6821 km   DESCRIPTION         
is assumed, implying geocentric, not geodetic IONEX         DESCRIPTION         
latitudes.                                                  DESCRIPTION         
Instrumental biases with respect to each involved GNSS code DESCRIPTION         
observable are estimated as constant values for each        DESCRIPTION         
day. They are modeled with one set of bias parameters for   DESCRIPTION         
each satellite and each station in case of GPS and for each DESCRIPTION         
satellite-station link in case of GLONASS. The code bias    DESCRIPTION         
datum is defined by zero-mean conditions imposed on the     DESCRIPTION         
satellite bias estimates. In this file, just GPS C1W-C2W    DESCRIPTION         
satellite and station bias values are included. The         DESCRIPTION         
complete set of GNSS code bias results is provided in an    DESCRIPTION         
additional Bias-SINEX file as pseudo-absolute values        DESCRIPTION         
specific to each observable.                                DESCRIPTION         
Note: These GIM results correspond to the results for the   DESCRIPTION         
last day of a 3-day combination analysis solving for 73     DESCRIPTION         
times 256, or 18688 VTEC parameters and 3 daily sets of     DESCRIPTION         
GNSS code bias parameters.                                  DESCRIPTION         
Contact address: code(at)aiub.unibe.ch                      DESCRIPTION         
Data archive:    ftp.aiub.unibe.ch/CODE/                    DESCRIPTION         
                 www.aiub.unibe.ch/download/CODE/           DESCRIPTION         
  2024     6    11     0     0     0                        EPOCH OF FIRST MAP  
  2024     6    12     0     0     0                        EPOCH OF LAST MAP   
  3600                                                      INTERVAL            
[...]
    87.5 -87.5  -2.5                                        LAT1 / LAT2 / DLAT  
  -180.0 180.0   5.0                                        LON1 / LON2 / DLON  
    -1                                                      EXPONENT            
TEC/RMS values in 0.1 TECU; 9999, if no value available     COMMENT             
Peak TEC values for the included maps:                      COMMENT             
 886  924 1006 1049 1032  912  836  840  840  835  808  771 COMMENT             
 743  736  724  730  742  753  745  754  802  849  875  869 COMMENT             
 889                                                        COMMENT             
List of stations:                                           COMMENT             
adis albh algo alic amu2 areq ascg aspa auck bake bjfs bogo COMMENT             
bor1 braz brft brst brux cas1 ccj2 cedu chti chur cord cpvg COMMENT             
cro1 darw dav1 dgar dubo faa1 fair flin flrs frdn func ganp COMMENT             
glps glsv gode gope guam hert hnpt hob2 hofn hrao iisc ineg COMMENT             
invk iqal joz2 jplm kerg kir0 kit3 kokv kour lpal lpgs mac1 COMMENT             
mal2 mas1 mat1 mate maw1 mcm4 mizu mkea mobs mtka nano nklg COMMENT             
nnor ntus nya1 onsa opmt park pdel pert pimo pots qaq1 rabt COMMENT             
ramo reun reyk rio2 sant sch2 sofi sthl stjo str2 suth sydn COMMENT             
syog tabv tash thti thu2 tid1 tn22 tow2 ulab unb3 unbj unsa COMMENT             
urum usud vald whit wind wtzz xmis yarr yel2 ykro zim2 zimm COMMENT             
                                                            END OF HEADER       
[from data line 6864]
    17                                                      START OF TEC MAP    
  2024     6    11    16     0     0                        EPOCH OF CURRENT MAP
    87.5-180.0 180.0   5.0 450.0                            LAT/LON1/LON2/DLON/H
  211  212  212  213  214  215  215  216  217  217  218  218  219  219  219  220
  220  220  219  219  218  218  217  216  215  214  213  212  211  210  208  207
  206  205  204  203  202  201  201  200  200  200  200  200  200  200  200  200
  201  201  202  202  203  203  204  204  204  205  205  205  206  206  207  207
  207  208  208  208  209  209  210  210  211
    85.0-180.0 180.0   5.0 450.0                            LAT/LON1/LON2/DLON/H
  209  210  212  213  214  216  218  220  221  223  225  226  228  229  230  231
  232  232  232  232  231  230  228  227  225  223  220  217  215  212  209  206
  204  201  199  197  195  194  193  192  192  192  193  194  195  196  197  198
  200  201  203  204  205  206  207  208  208  208  208  208  208  208  208  207
  207  207  207  207  207  207  208  208  209
    82.5-180.0 180.0   5.0 450.0                            LAT/LON1/LON2/DLON/H
  203  205  206  208  210  212  215  217  220  223  226  229  231  234  236  238
  240  241  241  241  241  240  238  236  234  231  227  223  219  215  211  207
  203  199  196  193  191  189  188  188  188  189  190  192  195  197  200  203
  206  209  211  214  215  217  217  218  218  217  216  215  213  212  210  208
  207  205  204  203  202  202  202  203  203
    80.0-180.0 180.0   5.0 450.0                            LAT/LON1/LON2/DLON/H
  196  197  198  200  202  204  207  210  213  216  220  223  227  230  234  237
  240  242  243  244  245  244  243  242  239  236  232  228  224  219  214  209
  204  200  196  192  190  188  187  187  188  190  193  197  200  205  209  214
  218  221  225  227  229  230  231  230  229  227  225  222  218  215  212  208
  205  202  200  198  196  195  195  195  196
    77.5-180.0 180.0   5.0 450.0                            LAT/LON1/LON2/DLON/H
  189  190  191  192  194  195  197  200  202  205  208  212  216  220  224  228
  231  235  238  240  241  242  242  241  240  237  234  231  227  222  217  213
  208  203  199  196  194  192  191  192  194  196  200  205  210  215  220  225
  230  234  237  240  241  241  241  239  237  233  229  225  220  215  210  205
  201  197  194  192  190  189  189  189  189
    75.0-180.0 180.0   5.0 450.0                            LAT/LON1/LON2/DLON/H
  186  187  188  188  189  189  189  190  191  193  195  197  201  205  209  213
  218  222  226  229  232  234  235  236  235  234  233  230  228  224  221  217
  213  209  206  203  200  199  199  200  202  205  209  214  219  225  230  235
  239  242  244  246  246  245  243  240  237  232  227  221  216  210  204  199
  194  190  188  186  185  184  185  185  186
    72.5-180.0 180.0   5.0 450.0                            LAT/LON1/LON2/DLON/H
  188  189  190  190  189  188  186  185  184  183  184  185  187  190  194  198
  203  207  212  216  220  223  226  228  229  229  229  228  226  225  222  220
  217  215  212  210  208  207  207  208  210  213  217  221  226  231  235  238
  241  243  243  243  241  239  236  233  228  223  218  212  205  199  194  189
  185  183  181  181  181  183  184  186  188
    70.0-180.0 180.0   5.0 450.0                            LAT/LON1/LON2/DLON/H
  194  196  197  196  195  192  189  186  183  180  178  178  179  180  183  187
  192  197  201  206  210  214  217  220  222  223  223  224  223  223  222  221
  220  219  218  217  216  215  215  216  217  219  222  225  229  232  234  236
  236  236  234  232  229  226  222  218  214  209  203  197  192  186  182  178
  175  174  175  177  180  183  187  191  194
    67.5-180.0 180.0   5.0 450.0                            LAT/LON1/LON2/DLON/H
  201  204  206  206  204  201  197  193  188  184  180  178  178  178  181  184
  188  192  197  201  205  209  212  215  217  218  219  219  220  220  220  221
  221  221  221  221  221  221  221  221  222  223  224  226  227  228  229  229
  227  225  222  218  214  210  206  202  198  193  188  183  178  174  170  168
  167  167  170  174  179  185  190  196  201
    65.0-180.0 180.0   5.0 450.0                            LAT/LON1/LON2/DLON/H
  206  211  214  215  214  212  207  203  197  192  188  185  184  184  185  188
  191  195  199  203  206  209  212  214  215  216  216  216  216  216  217  219
  220  222  223  224  225  225  225  225  225  225  224  224  224  224  223  221
  218  215  211  207  202  198  194  191  187  183  179  174  169  165  162  160
  161  163  166  172  178  186  193  200  206
    62.5-180.0 180.0   5.0 450.0                            LAT/LON1/LON2/DLON/H
  208  214  218  221  221  220  217  213  208  203  199  196  194  194  195  197
  200  203  206  209  211  214  215  216  217  216  215  214  213  214  215  217
  219  222  224  227  228  229  229  229  228  227  225  224  222  221  219  217
  215  211  207  203  199  195  191  188  185  182  178  173  168  164  160  159
  159  161  165  171  178  185  193  201  208
    60.0-180.0 180.0   5.0 450.0                            LAT/LON1/LON2/DLON/H
  205  212  217  221  223  224  222  220  216  213  209  207  205  205  206  208
  210  213  215  216  218  219  219  220  219  218  216  214  213  213  214  217
  220  224  228  231  233  235  236  235  234  232  229  227  224  222  221  220
  219  217  214  210  206  203  200  197  194  191  186  181  175  170  166  163
  162  163  166  171  177  183  190  198  205
    57.5-180.0 180.0   5.0 450.0                            LAT/LON1/LON2/DLON/H
  199  205  212  217  221  223  224  223  221  218  216  214  213  213  214  217
  219  221  222  222  222  222  222  222  221  220  218  216  214  215  217  220
  225  229  234  238  241  243  245  245  244  241  238  234  231  230  229  230
  230  230  229  227  224  220  217  214  212  208  203  197  190  183  177  172
  170  169  170  173  176  181  186  192  199
    55.0-180.0 180.0   5.0 450.0                            LAT/LON1/LON2/DLON/H
  191  198  204  211  216  220  222  223  222  220  218  216  216  217  219  222
  224  226  226  225  223  222  222  222  222  221  220  219  218  220  223  228
  234  239  244  248  252  255  257  258  257  254  250  247  244  242  243  245
  248  250  250  249  246  242  239  235  232  228  223  216  208  200  192  186
  181  178  177  176  177  179  182  186  191
    52.5-180.0 180.0   5.0 450.0                            LAT/LON1/LON2/DLON/H
  186  192  199  206  213  218  221  222  221  219  217  216  216  217  220  224
  227  228  227  224  221  219  219  220  222  223  223  223  224  228  233  240
  246  252  257  261  265  269  271  273  272  270  266  262  259  258  259  262
  266  270  271  270  266  262  258  254  251  248  242  235  227  217  209  201
  194  189  185  182  180  180  180  182  186
    50.0-180.0 180.0   5.0 450.0                            LAT/LON1/LON2/DLON/H
  185  190  198  206  214  220  223  223  222  219  217  215  215  217  221  225
  229  230  228  224  219  216  216  219  222  225  227  229  233  238  246  254
  261  267  272  276  280  284  287  288  288  287  283  279  275  274  274  277
  282  285  287  285  281  275  270  267  264  261  257  251  243  234  224  216
  208  201  195  190  186  183  182  183  185
    47.5-180.0 180.0   5.0 450.0                            LAT/LON1/LON2/DLON/H
  189  194  202  211  221  227  231  230  228  224  221  219  219  221  226  231
  235  236  232  226  220  217  217  221  226  230  234  238  243  250  259  269
  277  284  289  293  297  300  303  305  305  303  300  296  292  289  288  289
  292  295  295  292  287  281  275  272  270  269  267  263  256  248  238  229
  220  212  205  199  194  190  188  187  189
    45.0-180.0 180.0   5.0 450.0                            LAT/LON1/LON2/DLON/H
  196  201  210  221  232  240  244  244  240  236  233  231  231  233  238  243
  248  248  244  236  229  224  225  229  236  241  246  250  256  264  274  285
  294  301  307  311  315  318  321  321  321  320  317  313  309  304  300  299
  299  299  298  294  288  282  276  273  273  274  274  272  267  260  251  242
  232  223  215  209  203  199  197  195  196
    42.5-180.0 180.0   5.0 450.0                            LAT/LON1/LON2/DLON/H
  204  209  218  232  245  256  261  262  259  256  253  252  253  256  260  266
  269  269  263  255  246  241  241  246  253  258  263  266  272  280  291  302
  312  320  327  333  338  341  342  341  339  338  336  332  327  320  314  309
  305  303  300  295  290  283  279  276  277  279  280  280  277  271  263  254
  244  234  226  219  213  209  206  204  204
    40.0-180.0 180.0   5.0 450.0                            LAT/LON1/LON2/DLON/H
  210  214  224  239  256  270  279  282  281  280  280  282  284  288  292  296
  299  297  291  281  271  265  265  270  276  281  284  287  292  300  310  322
  334  344  354  362  367  370  369  365  362  360  358  355  350  341  332  323
  316  311  306  302  297  292  288  286  287  289  290  290  287  282  275  266
  256  246  237  229  223  219  214  211  210
    37.5-180.0 180.0   5.0 450.0                            LAT/LON1/LON2/DLON/H
  211  214  224  241  261  279  292  300  304  307  312  317  322  326  330  333
  334  331  324  313  303  296  295  298  303  307  309  311  315  323  334  348
  361  375  388  399  406  408  404  397  391  387  386  384  378  369  357  345
  334  327  321  318  315  312  309  306  305  304  304  303  300  296  289  281
  270  259  249  240  233  227  220  215  211
    35.0-180.0 180.0   5.0 450.0                            LAT/LON1/LON2/DLON/H
  209  209  218  235  258  280  299  312  322  332  342  352  361  367  371  372
  371  367  358  347  336  329  326  327  330  333  335  337  342  351  364  380
  398  415  432  446  455  455  448  437  427  422  420  418  413  403  389  374
  361  352  346  343  342  341  338  334  329  325  321  317  313  309  304  296
  286  274  262  252  242  234  225  216  209
    32.5-180.0 180.0   5.0 450.0                            LAT/LON1/LON2/DLON/H
  205  201  207  224  248  274  297  317  334  351  368  384  397  405  409  410
  406  400  391  380  369  360  355  354  355  357  360  364  372  385  401  421
  443  465  485  502  511  510  499  483  470  462  459  457  451  440  425  408
  393  381  375  372  373  373  369  363  354  344  336  329  325  321  317  311
  301  290  277  264  252  240  227  215  205
    30.0-180.0 180.0   5.0 450.0                            LAT/LON1/LON2/DLON/H
  201  193  196  210  233  261  289  315  339  363  386  408  425  437  442  441
  437  430  421  411  399  389  381  376  374  376  382  391  405  423  445  470
  496  521  545  562  570  566  551  532  514  505  501  497  489  476  458  440
  422  409  400  398  398  398  394  384  371  357  345  336  330  327  326  322
  315  304  290  276  261  246  230  214  201
    27.5-180.0 180.0   5.0 450.0                            LAT/LON1/LON2/DLON/H
  199  188  186  197  218  246  278  308  338  367  396  422  444  459  466  466
  462  456  448  439  427  415  402  393  390  393  402  418  439  464  492  523
  553  581  604  620  626  619  600  577  558  546  540  534  522  504  483  462
  442  426  415  410  409  409  403  391  375  358  343  332  328  327  328  328
  323  314  301  285  268  251  233  215  199
    25.0-180.0 180.0   5.0 450.0                            LAT/LON1/LON2/DLON/H
  200  187  181  187  205  233  265  299  332  365  397  427  453  472  482  484
  482  478  473  465  454  439  422  409  403  408  422  445  474  507  541  576
  609  636  658  670  672  661  640  615  595  582  574  563  545  521  494  469
  446  426  411  403  400  398  392  379  362  344  329  320  317  319  324  326
  324  317  306  290  273  254  235  217  200
    22.5-180.0 180.0   5.0 450.0                            LAT/LON1/LON2/DLON/H
  203  190  181  183  197  222  254  289  325  359  392  424  453  475  489  496
  497  497  495  491  480  463  443  426  419  425  445  474  510  549  588  625
  658  683  699  706  703  689  667  642  623  611  600  583  557  523  490  460
  433  410  390  378  372  368  362  350  335  320  308  301  300  305  312  317
  317  313  303  289  272  254  236  219  203
    20.0-180.0 180.0   5.0 450.0                            LAT/LON1/LON2/DLON/H
  206  193  183  182  192  215  246  281  316  350  383  415  445  471  489  501
  508  513  517  516  507  490  468  449  441  448  472  506  546  588  629  667
  697  717  727  727  719  703  681  658  641  630  618  595  558  514  472  437
  407  380  357  341  332  328  323  314  304  294  286  282  283  288  296  301
  303  300  293  281  266  249  234  220  206
    17.5-180.0 180.0   5.0 450.0                            LAT/LON1/LON2/DLON/H
  206  195  185  182  190  211  240  274  308  340  371  402  433  461  484  501
  515  526  535  539  533  517  496  477  470  479  505  541  583  624  664  697
  722  736  739  733  722  705  685  665  652  643  629  599  552  498  448  408
  376  347  321  303  293  289  287  283  278  274  270  269  270  274  279  282
  283  281  276  267  254  240  227  216  206
    15.0-180.0 180.0   5.0 450.0                            LAT/LON1/LON2/DLON/H
  201  192  184  180  188  207  234  267  299  330  358  387  418  447  474  497
  516  534  549  558  557  545  526  510  506  517  544  579  618  655  689  717
  735  742  738  729  717  701  683  667  657  650  635  600  545  482  426  383
  350  321  296  277  268  266  267  268  269  269  269  267  266  266  265  264
  262  260  256  249  238  226  215  208  201
    12.5-180.0 180.0   5.0 450.0                            LAT/LON1/LON2/DLON/H
  191  185  178  175  183  201  228  259  290  319  346  373  402  432  462  489
  513  536  557  571  575  568  556  546  546  560  585  616  649  680  706  726
  737  738  730  720  708  695  679  666  658  653  638  601  540  472  413  371
  340  314  290  274  267  268  272  277  281  284  284  280  273  265  257  249
  243  239  237  231  221  210  201  196  191
    10.0-180.0 180.0   5.0 450.0                            LAT/LON1/LON2/DLON/H
  179  174  169  167  175  193  219  249  280  309  334  360  387  418  449  478
  506  533  558  576  586  586  582  580  586  601  624  650  675  697  715  727
  731  727  718  709  701  690  677  664  657  653  639  601  540  472  414  376
  350  328  309  296  292  296  303  310  315  317  313  303  289  273  256  241
  229  224  221  216  207  196  187  183  179
     7.5-180.0 180.0   5.0 450.0                            LAT/LON1/LON2/DLON/H
  167  163  158  158  166  184  209  239  271  300  326  350  376  406  437  468
  497  526  552  574  589  597  602  609  620  637  656  676  693  706  716  721
  720  714  706  700  695  688  675  661  653  648  635  600  543  479  429  397
  378  361  346  337  337  343  351  357  360  357  348  331  308  283  259  237
  222  214  211  206  196  185  176  171  167
     5.0-180.0 180.0   5.0 450.0                            LAT/LON1/LON2/DLON/H
  159  154  149  150  158  175  199  230  263  295  322  347  371  399  430  460
  489  517  544  568  587  602  615  630  645  661  676  689  699  705  709  709
  705  698  693  691  690  684  670  653  641  636  625  594  545  490  450  427
  415  403  392  385  387  395  403  406  403  394  377  353  323  292  262  236
  219  211  207  202  191  179  169  163  159
     2.5-180.0 180.0   5.0 450.0                            LAT/LON1/LON2/DLON/H
  155  149  145  145  152  168  191  222  258  294  324  349  373  400  429  458
  486  512  537  561  583  603  623  642  659  673  682  688  692  694  695  692
  687  681  678  680  682  675  658  636  620  612  603  579  539  497  468  456
  449  440  429  423  426  434  439  438  429  413  390  360  327  292  261  235
  218  210  207  201  190  177  166  160  155
