COD0OPSRAP_20241860000_01D_01H_GIM.INX
     1.0            IONOSPHERE MAPS     GNSS                IONEX VERSION / TYPE
ADDNEQ2 V5.5        AIUB                05-JUL-24 21:44     PGM / RUN BY / DATE 
CODE'S RAPID IONOSPHERE MAPS FOR DAY 186, 2024              COMMENT             
Global ionosphere maps (GIM) are generated on a daily basis DESCRIPTION         
at CODE using data from about 120 GNSS sites of the IGS and DESCRIPTION         
other institutions. The vertical total electron content     DESCRIPTION         
(VTEC) is modeled in a solar-geomagnetic reference frame    DESCRIPTION         
using a spherical harmonics expansion up to degree and      DESCRIPTION         
order 15. Piece-wise linear functions are used for          DESCRIPTION         
representation in the time domain. The time spacing of      DESCRIPTION         
their vertices is 1 hour, conforming with the epochs of the DESCRIPTION         
VTEC maps.                                                  DESCRIPTION         
To convert line-of-sight TEC into vertical TEC, a modified  DESCRIPTION         
single-layer model mapping function approximating the JPL   DESCRIPTION         
extended slab model mapping function is adopted. The        DESCRIPTION         
mapping function is evaluated at geodetic satellite         DESCRIPTION         
elevation angles. For the computation of the ionospheric    DESCRIPTION         
pierce points, a spherical layer with a radius of 6821 km   DESCRIPTION         
is assumed, implying geocentric, not geodetic IONEX         DESCRIPTION         
latitudes.                                                  DESCRIPTION         
Instrumental biases with respect to each involved GNSS code DESCRIPTION         
observable are estimated as constant values for each        DESCRIPTION         
day. They are modeled with one set of bias parameters for   DESCRIPTION         
each satellite and each station in case of GPS and for each DESCRIPTION         
satellite-station link in case of GLONASS. The code bias    DESCRIPTION         
datum is defined by zero-mean conditions imposed on the     DESCRIPTION         
satellite bias estimates. In this file, just GPS C1W-C2W    DESCRIPTION         
satellite and station bias values are included. The         DESCRIPTION         
complete set of GNSS code bias results is provided in an    DESCRIPTION         
additional Bias-SINEX file as pseudo-absolute values        DESCRIPTION         
specific to each observable.                                DESCRIPTION         
Note: These GIM results correspond to the results for the   DESCRIPTION         
last day of a 3-day combination analysis solving for 73     DESCRIPTION         
times 256, or 18688 VTEC parameters and 3 daily sets of     DESCRIPTION         
GNSS code bias parameters.                                  DESCRIPTION         
Contact address: code(at)aiub.unibe.ch                      DESCRIPTION         
Data archive:    ftp.aiub.unibe.ch/CODE/                    DESCRIPTION         
                 www.aiub.unibe.ch/download/CODE/           DESCRIPTION         
  2024     7     4     0     0     0                        EPOCH OF FIRST MAP  
  2024     7     5     0     0     0                        EPOCH OF LAST MAP   
  3600                                                      INTERVAL            
[...]
    87.5 -87.5  -2.5                                        LAT1 / LAT2 / DLAT  
  -180.0 180.0   5.0                                        LON1 / LON2 / DLON  
    -1                                                      EXPONENT            
TEC/RMS values in 0.1 TECU; 9999, if no value available     COMMENT             
Peak TEC values for the included maps:                      COMMENT             
 745  743  743  749  778  842  851  821  828  813  770  728 COMMENT             
 772  789  808  809  799  806  800  758  700  722  742  764 COMMENT             
 774                                                        COMMENT             
List of stations:                                           COMMENT             
adis albh alic amu2 areq ascg aspa auck bake bjfs bogo bor1 COMMENT             
braz brft brst brux cas1 ccj2 cedu chti chur cord cpvg cro1 COMMENT             
darw dav1 dgar dubo faa1 fair flin flrs frdn func ganp glps COMMENT             
gode gope gras graz guam hers hert hnpt hob2 hofn hrao iisc COMMENT             
ineg invk iqal joz2 jplm kerg kir0 kit3 kokv kour lpal lpgs COMMENT             
mac1 mal2 mas1 mat1 mate maw1 mcm4 mizu mkea mobs mtka nano COMMENT             
nklg nnor ntus nya1 onsa opmt park pdel pert pimo pots qaq1 COMMENT             
rabt ramo reun reyk rio2 sant sch2 sofi sthl stjo str2 suth COMMENT             
sydn syog tabv tash thti tid1 tn22 tow2 ulab unb3 unbj unsa COMMENT             
urum usud vald whit wind wtzz xmis yarr yel2 ykro zim2 zimm COMMENT             
                                                            END OF HEADER       
[from data line 8580]
    21                                                      START OF TEC MAP    
  2024     7     4    20     0     0                        EPOCH OF CURRENT MAP
    87.5-180.0 180.0   5.0 450.0                            LAT/LON1/LON2/DLON/H
  224  225  225  226  227  228  228  229  230  231  232  233  233  234  234  235
  235  235  235  235  235  234  234  233  232  231  230  229  228  227  226  225
  224  223  222  221  221  220  219  219  219  218  218  218  218  218  218  219
  219  219  220  220  220  221  221  221  221  221  222  222  222  222  222  222
  222  222  222  222  223  223  223  224  224
    85.0-180.0 180.0   5.0 450.0                            LAT/LON1/LON2/DLON/H
  212  213  214  216  218  220  222  224  227  230  232  235  237  239  241  243
  244  245  245  245  244  243  242  240  238  236  233  230  228  225  222  220
  217  215  213  211  210  208  207  207  206  206  207  207  208  209  210  211
  212  213  214  216  217  217  218  219  219  219  219  219  218  218  217  216
  215  214  214  213  212  212  212  212  212
    82.5-180.0 180.0   5.0 450.0                            LAT/LON1/LON2/DLON/H
  195  195  196  198  201  204  208  213  218  223  228  233  237  241  245  248
  251  252  253  253  252  251  248  246  242  239  235  230  226  222  218  214
  210  206  203  201  199  197  196  195  195  195  196  197  199  200  202  204
  207  209  211  213  215  216  217  218  218  218  218  217  215  214  212  209
  207  205  203  200  198  197  196  195  195
    80.0-180.0 180.0   5.0 450.0                            LAT/LON1/LON2/DLON/H
  177  176  177  179  182  186  191  197  204  211  219  226  233  240  245  250
  253  256  257  257  256  254  252  248  244  240  235  229  224  219  214  209
  205  201  197  195  192  191  190  189  189  189  190  191  193  195  197  200
  203  205  208  211  213  215  216  217  217  217  215  214  212  209  206  203
  199  196  192  189  186  183  180  178  177
    77.5-180.0 180.0   5.0 450.0                            LAT/LON1/LON2/DLON/H
  165  163  162  163  165  169  175  182  190  199  208  218  227  235  241  247
  251  254  256  256  256  254  251  248  244  239  234  228  223  217  212  208
  204  200  197  195  193  191  190  190  189  189  190  191  192  193  195  197
  199  202  204  207  209  211  212  213  213  212  211  209  207  204  201  197
  194  190  187  183  179  175  171  168  165
    75.0-180.0 180.0   5.0 450.0                            LAT/LON1/LON2/DLON/H
  164  160  157  155  156  159  164  171  179  189  200  210  220  228  236  241
  246  249  251  251  251  250  248  245  241  237  233  228  223  218  213  210
  206  204  202  200  199  198  197  197  196  195  195  194  194  194  194  195
  196  197  199  201  202  204  205  205  205  205  203  202  200  197  195  193
  192  190  187  185  181  178  173  169  164
    72.5-180.0 180.0   5.0 450.0                            LAT/LON1/LON2/DLON/H
  176  170  164  160  157  158  161  166  175  184  195  205  215  223  230  235
  239  242  243  244  245  244  243  242  239  236  232  228  223  219  216  213
  211  210  209  209  209  208  208  207  206  204  202  200  198  196  194  193
  192  191  192  192  193  194  195  195  195  194  194  193  192  191  191  192
  193  194  195  195  194  191  188  182  176
    70.0-180.0 180.0   5.0 450.0                            LAT/LON1/LON2/DLON/H
  199  191  183  175  169  166  167  170  177  185  195  205  213  221  226  230
  233  235  237  238  239  240  240  240  238  235  232  228  225  222  219  218
  217  217  218  218  219  219  218  217  215  212  209  206  202  198  195  191
  188  186  184  183  183  184  184  185  185  185  184  184  185  186  189  192
  197  202  207  211  213  213  211  206  199
    67.5-180.0 180.0   5.0 450.0                            LAT/LON1/LON2/DLON/H
  228  219  208  198  189  183  180  182  186  193  201  209  216  222  227  230
  231  233  234  236  238  239  240  241  239  237  234  230  227  224  223  222
  222  224  225  227  228  228  227  225  222  219  215  211  206  201  196  191
  186  182  179  177  176  176  176  177  178  178  178  179  181  184  189  196
  204  213  222  229  235  238  238  235  228
    65.0-180.0 180.0   5.0 450.0                            LAT/LON1/LON2/DLON/H
  256  248  236  224  213  204  199  198  200  205  211  218  224  228  231  233
  234  235  236  238  241  243  244  245  243  241  237  233  230  228  227  227
  229  230  232  234  234  234  232  230  226  222  218  214  209  204  199  193
  187  182  178  175  173  173  174  175  176  176  177  179  181  186  193  202
  212  224  235  245  254  260  263  262  256
    62.5-180.0 180.0   5.0 450.0                            LAT/LON1/LON2/DLON/H
  280  273  263  250  238  228  220  217  217  219  223  228  233  237  239  240
  241  242  243  245  247  250  251  250  248  245  241  238  235  234  234  235
  237  239  241  242  241  240  237  233  229  225  222  218  214  210  205  199
  193  187  182  178  176  176  177  178  180  181  182  184  188  193  201  211
  222  234  246  257  267  275  281  282  280
    60.0-180.0 180.0   5.0 450.0                            LAT/LON1/LON2/DLON/H
  297  293  285  274  262  251  243  237  235  235  237  240  243  246  248  250
  250  251  252  253  255  257  258  256  253  250  246  244  243  243  245  248
  250  252  253  253  251  248  243  238  234  230  227  224  221  218  214  209
  203  196  191  186  184  183  184  186  188  190  192  194  198  204  212  222
  233  243  254  264  273  282  290  296  297
    57.5-180.0 180.0   5.0 450.0                            LAT/LON1/LON2/DLON/H
  308  309  304  296  285  275  266  259  254  252  251  251  253  255  258  259
  260  260  261  262  263  263  263  260  257  253  251  250  253  256  261  265
  268  269  269  268  264  259  254  248  242  238  236  234  232  229  226  221
  214  208  202  197  193  192  193  195  198  201  203  206  211  218  226  236
  246  254  261  268  275  284  294  303  308
    55.0-180.0 180.0   5.0 450.0                            LAT/LON1/LON2/DLON/H
  318  322  321  315  307  298  290  282  275  270  265  263  262  263  266  267
  268  268  267  267  267  267  265  262  258  255  255  258  264  272  279  285
  288  290  289  286  282  276  269  262  256  251  248  246  244  242  238  232
  226  219  212  207  203  201  201  203  206  209  213  217  223  231  241  252
  261  267  271  274  278  286  297  309  318
    52.5-180.0 180.0   5.0 450.0                            LAT/LON1/LON2/DLON/H
  329  337  338  335  329  322  315  307  299  290  281  275  272  271  273  274
  274  273  271  270  269  268  265  262  258  257  259  266  276  288  298  305
  309  311  309  306  301  294  287  279  273  268  264  261  258  253  248  241
  234  227  220  214  209  206  205  207  210  214  219  224  231  242  255  268
  278  284  286  285  287  293  304  317  329
    50.0-180.0 180.0   5.0 450.0                            LAT/LON1/LON2/DLON/H
  344  353  356  354  350  346  340  333  324  313  300  289  282  279  279  280
  279  277  273  270  269  268  266  263  260  260  265  274  288  301  313  321
  326  328  327  324  319  313  306  298  291  285  280  275  270  263  255  246
  238  231  224  218  212  208  206  207  211  215  220  227  236  249  265  283
  297  305  307  304  303  307  317  331  344
    47.5-180.0 180.0   5.0 450.0                            LAT/LON1/LON2/DLON/H
  362  370  373  372  370  368  365  360  351  338  322  307  296  290  287  287
  285  281  276  272  271  271  270  268  266  267  272  283  297  311  323  331
  336  339  340  339  335  330  323  316  308  301  294  287  279  269  258  247
  238  232  226  220  215  210  207  207  210  214  220  227  237  252  273  296
  316  329  332  330  327  329  338  350  362
    45.0-180.0 180.0   5.0 450.0                            LAT/LON1/LON2/DLON/H
  381  386  388  387  387  387  388  385  378  365  347  329  314  304  299  296
  293  287  282  278  278  279  281  280  279  279  284  294  306  317  326  334
  340  345  349  350  349  345  338  331  322  314  305  296  285  273  260  248
  239  233  229  225  220  215  211  210  211  215  220  227  237  254  278  307
  334  352  360  359  355  355  361  371  381
    42.5-180.0 180.0   5.0 450.0                            LAT/LON1/LON2/DLON/H
  395  398  398  398  399  402  405  407  402  391  374  354  335  322  314  310
  305  299  293  290  291  296  299  300  299  299  302  308  315  321  327  333
  341  351  358  363  363  360  354  345  335  325  314  304  292  278  264  251
  243  238  237  235  232  227  222  219  219  222  226  231  239  256  282  315
  348  374  386  387  383  380  383  389  395
    40.0-180.0 180.0   5.0 450.0                            LAT/LON1/LON2/DLON/H
  403  403  403  403  406  411  418  423  423  416  402  382  361  345  335  329
  325  318  312  309  312  319  325  327  326  325  326  327  328  328  329  335
  347  361  373  381  382  379  372  362  350  337  325  313  301  288  274  262
  254  252  253  254  252  247  241  237  235  236  238  240  246  260  286  321
  359  390  407  410  405  399  398  400  403
    37.5-180.0 180.0   5.0 450.0                            LAT/LON1/LON2/DLON/H
  403  403  403  405  410  418  427  435  440  439  429  412  391  373  362  355
  350  344  338  335  339  346  354  358  358  356  354  351  346  340  339  346
  363  383  400  409  410  405  396  384  369  353  339  326  315  304  292  281
  275  274  276  279  279  274  267  261  257  256  256  256  259  269  292  327
  367  401  421  425  418  410  405  403  403
    35.0-180.0 180.0   5.0 450.0                            LAT/LON1/LON2/DLON/H
  399  401  403  409  416  424  434  444  454  460  456  443  424  406  394  388
  383  376  368  365  367  375  382  387  388  388  386  382  373  364  361  371
  393  419  439  448  446  438  426  412  394  375  358  346  336  326  317  307
  302  301  304  307  307  303  295  287  281  278  276  275  274  281  300  332
  372  406  427  431  423  412  404  400  399
    32.5-180.0 180.0   5.0 450.0                            LAT/LON1/LON2/DLON/H
  395  400  407  417  426  434  443  454  467  479  483  476  460  444  432  426
  421  413  403  396  395  400  406  411  413  416  418  416  408  398  397  412
  439  469  489  494  486  474  459  442  423  401  382  368  360  352  344  336
  331  329  330  332  331  326  317  308  300  296  294  292  290  294  309  337
  373  407  427  430  421  408  399  395  395
    30.0-180.0 180.0   5.0 450.0                            LAT/LON1/LON2/DLON/H
  396  406  419  433  444  451  457  467  482  499  510  509  498  485  475  469
  463  453  440  428  421  421  423  426  431  439  448  452  448  441  444  463
  494  525  540  537  521  502  486  469  448  425  405  390  381  375  368  360
  353  348  346  344  341  335  326  316  308  304  302  301  301  303  315  339
  372  403  422  425  416  403  394  392  396
    27.5-180.0 180.0   5.0 450.0                            LAT/LON1/LON2/DLON/H
  404  419  438  456  468  474  476  483  499  519  536  542  537  528  520  515
  508  495  477  458  445  437  433  434  441  455  473  485  489  489  496  518
  549  575  580  565  538  514  495  480  462  440  419  403  394  388  381  372
  362  354  346  340  334  327  318  309  302  298  298  300  302  305  315  336
  365  394  414  418  411  401  394  395  404
    25.0-180.0 180.0   5.0 450.0                            LAT/LON1/LON2/DLON/H
  418  438  462  483  496  500  499  503  518  539  560  572  573  570  566  562
  554  538  514  489  468  452  441  437  444  464  491  514  527  533  543  565
  592  607  599  568  529  498  480  468  454  436  417  402  392  384  376  366
  354  341  329  318  308  300  293  286  280  278  281  286  292  297  307  326
  353  381  401  409  407  401  400  405  418
    22.5-180.0 180.0   5.0 450.0                            LAT/LON1/LON2/DLON/H
  435  459  486  509  522  525  522  524  537  558  581  597  605  608  609  607
  597  578  551  521  493  469  450  440  447  470  504  536  556  568  580  598
  615  615  588  540  489  452  434  428  421  409  394  381  371  362  353  341
  328  313  296  281  269  261  256  252  249  249  254  262  270  278  289  307
  333  361  384  398  403  404  408  418  435
    20.0-180.0 180.0   5.0 450.0                            LAT/LON1/LON2/DLON/H
  450  475  503  526  540  543  541  542  553  573  595  614  629  639  645  645
  634  614  585  553  522  492  465  450  452  476  514  551  577  591  601  611
  614  596  551  487  424  382  365  363  364  360  352  342  333  324  314  303
  290  274  256  238  224  217  215  215  215  217  223  232  241  250  261  279
  304  334  361  382  396  406  417  431  450
    17.5-180.0 180.0   5.0 450.0                            LAT/LON1/LON2/DLON/H
  457  482  508  532  546  551  551  554  564  581  602  623  643  659  671  672
  662  642  616  586  555  522  490  468  466  486  523  561  588  601  606  606
  593  558  496  419  348  302  284  285  293  297  297  293  287  279  270  260
  249  235  217  198  185  180  181  185  189  192  196  203  210  218  228  244
  269  300  332  361  384  403  420  437  457
    15.0-180.0 180.0   5.0 450.0                            LAT/LON1/LON2/DLON/H
  455  478  503  525  540  548  553  559  569  583  601  622  645  668  683  687
  678  661  640  617  590  558  524  498  489  504  535  568  593  603  601  589
  562  512  440  356  281  232  211  212  222  233  240  244  242  237  230  223
  216  205  189  172  160  157  162  169  175  178  179  181  183  186  193  207
  230  262  298  334  366  394  416  435  455
    12.5-180.0 180.0   5.0 450.0                            LAT/LON1/LON2/DLON/H
  444  466  489  511  527  538  548  558  569  581  595  614  640  666  684  688
  682  669  656  643  623  596  563  535  521  528  551  577  595  600  591  569
  531  473  398  315  242  191  166  162  171  184  197  207  211  209  205  201
  197  190  178  165  155  153  160  170  176  177  174  168  163  160  162  172
  193  224  262  304  344  378  404  425  444
    10.0-180.0 180.0   5.0 450.0                            LAT/LON1/LON2/DLON/H
  431  453  476  497  514  528  541  555  568  577  587  604  630  656  675  680
  674  667  663  660  651  630  602  575  559  559  571  588  599  598  584  555
  511  452  382  309  243  193  163  150  152  163  179  193  200  202  200  198
  197  193  185  175  167  167  174  183  189  187  178  166  153  142  138  144
  161  191  230  274  319  358  389  411  431
     7.5-180.0 180.0   5.0 450.0                            LAT/LON1/LON2/DLON/H
  423  447  472  493  509  523  539  555  569  577  584  598  621  646  662  665
  660  657  662  668  668  656  634  612  595  590  594  601  605  599  580  549
  505  453  396  340  287  241  204  180  171  176  189  204  214  217  216  214
  213  210  204  196  190  190  196  203  206  201  187  169  149  133  125  126
  140  166  204  250  298  341  374  400  423
     5.0-180.0 180.0   5.0 450.0                            LAT/LON1/LON2/DLON/H
  424  453  481  503  518  531  546  562  576  584  589  600  619  640  651  651
  645  645  655  668  675  670  656  640  626  618  614  613  610  601  581  550
  511  471  433  397  361  322  282  247  225  219  227  239  248  250  246  241
  236  231  226  220  215  213  215  218  217  209  193  172  149  131  120  119
  130  153  189  235  284  329  366  396  424
     2.5-180.0 180.0   5.0 450.0                            LAT/LON1/LON2/DLON/H
  436  472  505  529  542  551  562  577  591  600  605  613  628  642  648  643
  635  636  647  662  672  673  666  657  647  638  628  620  611  599  580  552
  520  493  475  462  445  416  375  332  298  282  280  286  290  288  280  269
  257  247  240  234  229  225  222  219  215  205  190  169  148  130  120  119
  129  150  184  228  278  325  366  401  436
