COD0OPSRAP_20242430000_01D_01H_GIM.INX
     1.0            IONOSPHERE MAPS     GNSS                IONEX VERSION / TYPE
ADDNEQ2 V5.5        AIUB                31-AUG-24 08:01     PGM / RUN BY / DATE 
CODE'S RAPID IONOSPHERE MAPS FOR DAY 243, 2024              COMMENT             
Global ionosphere maps (GIM) are generated on a daily basis DESCRIPTION         
at CODE using data from about 120 GNSS sites of the IGS and DESCRIPTION         
other institutions. The vertical total electron content     DESCRIPTION         
(VTEC) is modeled in a solar-geomagnetic reference frame    DESCRIPTION         
using a spherical harmonics expansion up to degree and      DESCRIPTION         
order 15. Piece-wise linear functions are used for          DESCRIPTION         
representation in the time domain. The time spacing of      DESCRIPTION         
their vertices is 1 hour, conforming with the epochs of the DESCRIPTION         
VTEC maps.                                                  DESCRIPTION         
To convert line-of-sight TEC into vertical TEC, a modified  DESCRIPTION         
single-layer model mapping function approximating the JPL   DESCRIPTION         
extended slab model mapping function is adopted. The        DESCRIPTION         
mapping function is evaluated at geodetic satellite         DESCRIPTION         
elevation angles. For the computation of the ionospheric    DESCRIPTION         
pierce points, a spherical layer with a radius of 6821 km   DESCRIPTION         
is assumed, implying geocentric, not geodetic IONEX         DESCRIPTION         
latitudes.                                                  DESCRIPTION         
Instrumental biases with respect to each involved GNSS code DESCRIPTION         
observable are estimated as constant values for each        DESCRIPTION         
day. They are modeled with one set of bias parameters for   DESCRIPTION         
each satellite and each station in case of GPS and for each DESCRIPTION         
satellite-station link in case of GLONASS. The code bias    DESCRIPTION         
datum is defined by zero-mean conditions imposed on the     DESCRIPTION         
satellite bias estimates. In this file, just GPS C1W-C2W    DESCRIPTION         
satellite and station bias values are included. The         DESCRIPTION         
complete set of GNSS code bias results is provided in an    DESCRIPTION         
additional Bias-SINEX file as pseudo-absolute values        DESCRIPTION         
specific to each observable.                                DESCRIPTION         
Note: These GIM results correspond to the results for the   DESCRIPTION         
last day of a 3-day combination analysis solving for 73     DESCRIPTION         
times 256, or 18688 VTEC parameters and 3 daily sets of     DESCRIPTION         
GNSS code bias parameters.                                  DESCRIPTION         
Contact address: code(at)aiub.unibe.ch                      DESCRIPTION         
Data archive:    ftp.aiub.unibe.ch/CODE/                    DESCRIPTION         
                 www.aiub.unibe.ch/download/CODE/           DESCRIPTION         
  2024     8    30     0     0     0                        EPOCH OF FIRST MAP  
  2024     8    31     0     0     0                        EPOCH OF LAST MAP   
  3600                                                      INTERVAL            
[...]
    87.5 -87.5  -2.5                                        LAT1 / LAT2 / DLAT  
  -180.0 180.0   5.0                                        LON1 / LON2 / DLON  
    -1                                                      EXPONENT            
TEC/RMS values in 0.1 TECU; 9999, if no value available     COMMENT             
Peak TEC values for the included maps:                      COMMENT             
1111 1154 1203 1240 1209 1162 1142 1152 1160 1142 1139 1135 COMMENT             
1112 1097 1140 1210 1234 1219 1175 1142 1196 1216 1208 1199 COMMENT             
1200                                                        COMMENT             
List of stations:                                           COMMENT             
albh algo alic amu2 areq ascg aspa bake bogo bor1 braz brft COMMENT             
brst brux bshm cas1 ccj2 cedu chur cord cpvg cro1 darw dav1 COMMENT             
dgar dubo faa1 fair flin flrs frdn func ganp glps glsv gode COMMENT             
gope gras graz guam guat hert hnpt hob2 hofn hrao iisc ineg COMMENT             
invk iqal joz2 jplm kerg kir0 kit3 kour lpal lpgs mac1 mal2 COMMENT             
mas1 mat1 mate maw1 mcm4 mizu mkea mobs mtka nano nklg nnor COMMENT             
ntus nya1 onsa park pdel pert pimo pots qaq1 rabt ramo reun COMMENT             
reyk rio2 sant sch2 scub sofi sthl stjo str2 suth sydn syog COMMENT             
tabv tash thti thu2 tid1 tn22 tow2 ulab unb3 unbj unsa urum COMMENT             
usud vald whit wtzz xmis yarr yel2 ykro zim2 zimm           COMMENT             
                                                            END OF HEADER       
[from data line 9438]
    23                                                      START OF TEC MAP    
  2024     8    30    22     0     0                        EPOCH OF CURRENT MAP
    87.5-180.0 180.0   5.0 450.0                            LAT/LON1/LON2/DLON/H
  310  312  313  314  315  316  317  317  317  317  317  316  315  314  313  312
  310  308  306  304  302  299  297  295  292  290  287  285  283  280  278  276
  274  272  270  269  267  266  265  264  263  262  262  262  261  262  262  262
  263  264  265  266  267  269  270  272  274  276  278  281  283  285  288  290
  293  295  297  300  302  304  306  308  310
    85.0-180.0 180.0   5.0 450.0                            LAT/LON1/LON2/DLON/H
  310  313  317  320  322  325  326  328  328  329  328  327  326  324  322  319
  316  313  309  305  301  297  293  289  285  281  277  273  269  265  261  257
  254  250  247  244  242  239  237  235  233  232  231  230  229  229  229  229
  229  230  231  233  234  237  239  242  245  248  251  255  259  263  267  271
  275  280  284  289  293  297  302  306  310
    82.5-180.0 180.0   5.0 450.0                            LAT/LON1/LON2/DLON/H
  289  295  301  306  311  315  319  322  324  325  326  325  324  322  319  315
  312  308  303  299  295  290  286  282  277  273  268  263  259  254  249  245
  240  236  232  228  225  221  218  215  212  210  207  205  203  201  199  198
  197  196  196  197  198  200  202  204  207  211  214  218  223  227  232  237
  242  248  253  259  265  271  277  283  289
    80.0-180.0 180.0   5.0 450.0                            LAT/LON1/LON2/DLON/H
  253  261  269  277  284  291  298  303  307  310  312  312  311  309  305  302
  298  294  290  287  284  281  278  275  273  269  266  261  257  252  247  242
  237  232  227  223  219  215  211  207  203  198  194  189  185  180  175  171
  168  165  163  162  161  162  163  165  167  170  174  177  181  185  189  194
  199  205  211  217  224  231  238  245  253
    77.5-180.0 180.0   5.0 450.0                            LAT/LON1/LON2/DLON/H
  210  219  228  238  248  258  268  276  284  289  292  293  292  290  286  281
  277  273  271  269  269  269  270  271  271  270  269  266  262  257  252  246
  241  235  230  226  221  217  212  208  202  196  190  182  174  166  158  151
  144  138  134  131  129  128  129  130  132  134  136  139  142  145  148  152
  157  162  167  173  180  187  194  202  210
    75.0-180.0 180.0   5.0 450.0                            LAT/LON1/LON2/DLON/H
  173  181  190  201  212  225  237  249  260  268  273  275  274  270  265  258
  253  249  247  247  250  255  260  265  270  272  273  272  268  264  258  251
  245  239  234  229  225  220  216  211  205  198  189  179  169  157  146  135
  125  116  110  106  103  102  103  105  106  108  110  112  113  115  118  121
  124  129  134  140  146  152  158  165  173
    72.5-180.0 180.0   5.0 450.0                            LAT/LON1/LON2/DLON/H
  150  155  162  172  183  197  212  228  242  254  261  264  262  256  248  238
  230  224  221  223  228  237  246  256  264  270  272  272  268  263  257  249
  242  236  230  226  222  218  214  209  203  195  186  175  163  149  135  122
  110  100   92   88   86   87   89   92   95   98   99  101  101  102  104  106
  110  115  120  126  131  136  141  145  150
    70.0-180.0 180.0   5.0 450.0                            LAT/LON1/LON2/DLON/H
  148  148  151  156  165  179  196  214  232  248  258  263  260  252  239  225
  212  202  197  198  204  215  227  239  250  257  260  260  257  251  243  235
  228  221  216  211  207  204  200  196  191  185  176  166  153  139  125  110
   98   87   81   78   78   81   87   92   98  102  104  106  106  107  108  111
  116  121  128  134  140  144  147  147  148
    67.5-180.0 180.0   5.0 450.0                            LAT/LON1/LON2/DLON/H
  165  159  155  154  159  171  188  208  230  249  264  270  268  257  241  221
  203  187  178  177  181  191  204  217  227  234  237  236  232  225  218  210
  203  196  190  186  182  178  175  173  169  165  159  151  140  128  115  101
   89   80   75   74   77   84   93  103  111  117  121  123  124  125  127  131
  137  145  154  162  169  172  173  170  165
    65.0-180.0 180.0   5.0 450.0                            LAT/LON1/LON2/DLON/H
  195  183  171  164  163  170  185  207  231  255  273  282  282  271  252  229
  204  183  169  163  164  171  181  191  199  204  205  203  199  193  187  181
  174  168  162  156  152  148  145  143  141  139  137  133  126  118  107   96
   85   77   73   75   81   92  104  117  128  137  143  146  147  149  153  159
  168  178  190  200  208  212  211  205  195
    62.5-180.0 180.0   5.0 450.0                            LAT/LON1/LON2/DLON/H
  231  213  195  180  173  174  186  207  232  259  281  295  298  289  270  245
  217  191  172  160  157  159  164  170  174  175  175  172  169  165  161  156
  151  145  139  132  126  121  117  115  115  115  117  117  116  112  104   96
   86   79   77   79   87  100  115  130  144  155  162  166  169  173  178  186
  197  210  224  237  247  253  252  244  231
    60.0-180.0 180.0   5.0 450.0                            LAT/LON1/LON2/DLON/H
  263  244  222  201  187  183  190  207  232  260  285  303  310  306  291  266
  238  211  188  172  163  160  160  160  160  158  155  152  151  150  149  147
  143  137  130  122  114  107  101   98   99  101  106  110  113  113  109  102
   94   87   83   85   93  106  122  139  154  165  173  179  183  188  196  206
  218  233  249  264  276  283  284  277  263
    57.5-180.0 180.0   5.0 450.0                            LAT/LON1/LON2/DLON/H
  289  272  249  227  208  198  200  212  233  259  284  305  318  319  310  290
  265  238  214  196  184  176  172  168  163  158  155  153  154  156  158  157
  154  148  139  129  119  110  103   99   98  101  108  115  120  123  121  115
  107   98   93   93   99  111  126  141  156  167  176  182  188  195  204  215
  229  244  260  276  289  298  302  300  289
    55.0-180.0 180.0   5.0 450.0                            LAT/LON1/LON2/DLON/H
  308  297  279  257  237  224  219  225  240  261  284  305  321  328  325  313
  293  270  248  230  217  208  201  195  188  182  178  177  179  183  186  186
  181  173  162  151  140  130  121  116  114  117  123  130  137  140  139  133
  124  114  107  104  107  115  127  140  153  163  172  179  186  194  204  216
  230  244  259  274  287  299  307  311  308
    52.5-180.0 180.0   5.0 450.0                            LAT/LON1/LON2/DLON/H
  323  322  312  296  278  263  254  253  260  273  290  308  324  335  338  332
  319  302  284  269  258  250  244  238  232  225  221  220  222  225  226  223
  215  204  192  180  170  160  151  145  142  143  147  153  158  161  159  153
  144  133  124  118  118  122  130  140  150  159  167  174  182  191  201  213
  226  239  252  264  276  290  303  316  323
    50.0-180.0 180.0   5.0 450.0                            LAT/LON1/LON2/DLON/H
  338  349  351  344  331  317  306  299  298  301  309  321  334  344  350  350
  343  331  319  308  301  297  295  292  287  281  276  273  272  271  268  259
  246  232  219  208  200  192  185  178  174  173  175  178  181  182  179  174
  165  155  145  138  134  135  139  145  152  159  166  174  182  190  200  211
  223  234  245  254  265  279  297  319  338
    47.5-180.0 180.0   5.0 450.0                            LAT/LON1/LON2/DLON/H
  356  381  395  398  392  382  372  362  354  348  346  348  354  361  366  367
  364  357  350  344  342  342  345  346  344  338  331  324  318  310  299  284
  267  250  237  230  225  221  216  209  204  201  200  201  201  200  197  193
  187  179  170  163  158  156  157  159  162  167  174  181  189  197  206  215
  225  235  244  251  259  273  296  325  356
    45.0-180.0 180.0   5.0 450.0                            LAT/LON1/LON2/DLON/H
  379  415  441  454  456  452  444  435  422  410  399  392  389  388  388  387
  385  381  377  375  376  381  388  394  394  388  377  364  350  335  317  296
  275  258  248  246  246  246  242  235  228  224  222  221  219  216  214  212
  209  205  199  193  187  183  181  181  182  185  192  199  207  213  219  226
  235  245  252  258  264  277  302  338  379
    42.5-180.0 180.0   5.0 450.0                            LAT/LON1/LON2/DLON/H
  404  450  484  505  514  516  513  506  494  478  461  447  435  426  419  413
  409  405  402  402  404  411  421  429  431  424  409  389  368  346  323  300
  280  267  262  265  269  271  266  258  249  244  241  239  237  234  233  233
  234  233  230  224  219  214  210  207  206  210  216  225  232  236  239  244
  252  261  269  274  278  290  315  355  404
    40.0-180.0 180.0   5.0 450.0                            LAT/LON1/LON2/DLON/H
  429  481  520  545  559  566  568  566  557  542  525  507  490  473  458  445
  437  432  428  426  427  433  443  452  453  445  426  402  376  352  329  309
  295  288  291  299  306  307  298  285  274  267  264  263  260  257  256  258
  261  262  259  254  248  242  236  232  231  234  242  252  260  263  263  265
  272  283  292  297  300  310  334  376  429
    37.5-180.0 180.0   5.0 450.0                            LAT/LON1/LON2/DLON/H
  453  507  548  574  588  597  603  606  602  593  580  564  545  524  502  483
  470  462  456  450  446  448  456  464  465  455  435  410  385  363  347  337
  333  337  347  359  366  362  346  326  309  300  298  297  294  291  289  289
  291  290  285  277  268  261  254  249  248  253  264  276  286  289  287  288
  294  305  316  322  325  333  356  398  453
    35.0-180.0 180.0   5.0 450.0                            LAT/LON1/LON2/DLON/H
  475  529  569  592  604  612  619  625  628  626  621  611  596  574  548  525
  508  497  487  475  466  462  465  471  472  463  446  424  404  392  387  391
  402  417  434  448  451  439  414  383  359  347  344  344  341  335  329  325
  321  313  301  288  276  267  259  254  253  260  274  292  305  310  309  309
  315  327  339  347  350  357  379  421  475
    32.5-180.0 180.0   5.0 450.0                            LAT/LON1/LON2/DLON/H
  499  552  589  607  614  617  623  630  637  643  647  647  639  620  594  568
  549  534  519  502  486  476  475  479  481  476  464  451  442  442  452  472
  496  522  544  556  554  532  496  456  424  407  403  402  397  387  375  362
  348  329  307  286  270  258  250  244  244  253  272  295  314  325  328  329
  335  348  362  370  374  381  403  445  499
    30.0-180.0 180.0   5.0 450.0                            LAT/LON1/LON2/DLON/H
  529  580  614  628  628  625  626  632  641  652  665  676  677  663  639  613
  591  573  553  530  508  492  488  491  496  497  495  492  496  508  532  564
  600  633  656  665  655  626  581  531  493  472  465  463  455  439  419  395
  367  335  301  272  251  237  228  223  224  235  257  286  313  332  342  349
  357  370  385  395  400  409  432  474  529
    27.5-180.0 180.0   5.0 450.0                            LAT/LON1/LON2/DLON/H
  566  618  650  660  654  645  641  643  651  665  685  705  714  708  686  659
  634  612  588  559  532  513  507  511  519  527  535  544  558  579  609  648
  688  721  741  745  731  697  648  595  552  528  519  514  502  481  451  416
  375  329  284  248  223  209  200  195  196  208  233  267  303  334  355  369
  381  396  410  422  430  442  467  511  566
    25.0-180.0 180.0   5.0 450.0                            LAT/LON1/LON2/DLON/H
  614  666  698  706  696  683  674  673  680  694  717  743  759  758  739  711
  683  655  624  591  560  539  533  537  548  562  578  595  613  634  662  697
  733  761  775  774  758  725  679  628  586  561  551  544  529  502  466  421
  369  313  261  220  194  180  172  167  168  180  206  244  288  331  365  390
  409  426  441  454  465  481  510  557  614
    22.5-180.0 180.0   5.0 450.0                            LAT/LON1/LON2/DLON/H
  669  722  755  763  753  738  728  726  731  745  769  796  817  819  802  772
  738  704  666  627  594  573  566  570  580  596  616  634  648  659  673  695
  718  736  742  737  723  698  662  620  583  561  552  544  527  497  457  408
  351  291  236  195  171  158  151  147  147  157  181  220  270  325  374  412
  439  459  476  491  507  527  561  610  669
    20.0-180.0 180.0   5.0 450.0                            LAT/LON1/LON2/DLON/H
  725  779  813  823  815  803  796  796  802  817  839  867  888  892  876  844
  805  763  718  674  638  615  606  606  613  625  641  653  653  644  636  636
  643  647  645  638  630  618  597  568  541  525  519  512  496  467  428  380
  325  267  215  178  158  148  142  137  136  142  162  199  253  318  381  432
  467  492  512  531  551  577  615  666  725
    17.5-180.0 180.0   5.0 450.0                            LAT/LON1/LON2/DLON/H
  778  831  865  877  873  867  866  873  884  900  922  948  969  975  959  926
  883  835  783  734  695  669  655  647  643  647  652  649  629  594  559  536
  524  516  506  500  500  502  498  484  469  461  460  456  442  416  383  343
  296  246  203  173  158  151  145  140  136  139  153  185  240  311  384  447
  492  522  546  569  595  626  667  720  778
    15.0-180.0 180.0   5.0 450.0                            LAT/LON1/LON2/DLON/H
  823  873  906  919  919  920  928  945  963  983 1005 1030 1051 1058 1045 1013
  969  917  862  809  765  733  710  690  673  661  651  630  587  526  466  422
  395  377  364  359  367  381  390  389  384  385  389  389  378  358  333  304
  271  234  202  181  171  165  160  153  148  145  153  179  231  305  386  456
  508  545  574  602  634  670  714  766  823
    12.5-180.0 180.0   5.0 450.0                            LAT/LON1/LON2/DLON/H
  858  904  933  945  948  955  974 1000 1027 1052 1075 1099 1120 1131 1122 1096
 1055 1005  949  894  845  805  770  735  702  674  647  607  543  462  385  328
  295  273  258  254  266  286  301  307  309  316  326  329  320  305  289  273
  254  232  212  199  193  188  181  173  165  159  161  181  229  303  386  460
  516  558  593  627  664  705  752  805  858
    10.0-180.0 180.0   5.0 450.0                            LAT/LON1/LON2/DLON/H
  886  927  951  960  964  976 1001 1035 1069 1097 1121 1145 1168 1181 1180 1161
 1128 1085 1034  979  927  878  831  781  733  690  648  594  518  427  345  288
  256  236  221  217  228  245  257  261  263  273  285  289  281  268  259  254
  249  239  229  222  217  211  203  194  185  176  173  189  234  305  386  459
  517  562  602  643  686  732  782  835  886
     7.5-180.0 180.0   5.0 450.0                            LAT/LON1/LON2/DLON/H
  911  947  965  970  974  988 1016 1054 1090 1118 1141 1163 1186 1203 1208 1199
 1178 1146 1104 1054 1000  944  886  825  766  713  663  602  524  438  365  319
  296  281  268  261  263  270  269  262  259  266  278  280  269  255  248  250
  253  252  247  243  238  230  221  211  201  190  186  200  243  311  388  457
  512  559  605  652  700  751  805  861  911
     5.0-180.0 180.0   5.0 450.0                            LAT/LON1/LON2/DLON/H
  936  969  983  985  987 1001 1029 1064 1096 1120 1137 1155 1176 1194 1204 1204
 1195 1177 1148 1105 1052  992  929  863  801  745  693  635  567  497  445  419
  410  401  387  374  365  354  333  309  295  297  304  302  284  264  254  257
  263  265  261  256  249  240  230  220  210  199  195  211  255  321  392  454
  505  553  602  654  708  764  825  885  936
     2.5-180.0 180.0   5.0 450.0                            LAT/LON1/LON2/DLON/H
  961  994 1007 1008 1011 1024 1047 1075 1098 1112 1121 1131 1145 1160 1170 1175
 1177 1173 1157 1124 1076 1018  955  892  834  783  737  689  639  595  570  567
  571  566  550  528  504  473  432  388  360  355  357  347  320  289  272  269
  272  272  265  257  247  237  228  219  209  199  198  219  266  332  397  452
  498  545  597  653  711  773  841  907  961
