COD0OPSRAP_20241900000_01D_01H_GIM.INX
     1.0            IONOSPHERE MAPS     GNSS                IONEX VERSION / TYPE
ADDNEQ2 V5.5        AIUB                09-JUL-24 08:04     PGM / RUN BY / DATE 
CODE'S RAPID IONOSPHERE MAPS FOR DAY 190, 2024              COMMENT             
Global ionosphere maps (GIM) are generated on a daily basis DESCRIPTION         
at CODE using data from about 120 GNSS sites of the IGS and DESCRIPTION         
other institutions. The vertical total electron content     DESCRIPTION         
(VTEC) is modeled in a solar-geomagnetic reference frame    DESCRIPTION         
using a spherical harmonics expansion up to degree and      DESCRIPTION         
order 15. Piece-wise linear functions are used for          DESCRIPTION         
representation in the time domain. The time spacing of      DESCRIPTION         
their vertices is 1 hour, conforming with the epochs of the DESCRIPTION         
VTEC maps.                                                  DESCRIPTION         
To convert line-of-sight TEC into vertical TEC, a modified  DESCRIPTION         
single-layer model mapping function approximating the JPL   DESCRIPTION         
extended slab model mapping function is adopted. The        DESCRIPTION         
mapping function is evaluated at geodetic satellite         DESCRIPTION         
elevation angles. For the computation of the ionospheric    DESCRIPTION         
pierce points, a spherical layer with a radius of 6821 km   DESCRIPTION         
is assumed, implying geocentric, not geodetic IONEX         DESCRIPTION         
latitudes.                                                  DESCRIPTION         
Instrumental biases with respect to each involved GNSS code DESCRIPTION         
observable are estimated as constant values for each        DESCRIPTION         
day. They are modeled with one set of bias parameters for   DESCRIPTION         
each satellite and each station in case of GPS and for each DESCRIPTION         
satellite-station link in case of GLONASS. The code bias    DESCRIPTION         
datum is defined by zero-mean conditions imposed on the     DESCRIPTION         
satellite bias estimates. In this file, just GPS C1W-C2W    DESCRIPTION         
satellite and station bias values are included. The         DESCRIPTION         
complete set of GNSS code bias results is provided in an    DESCRIPTION         
additional Bias-SINEX file as pseudo-absolute values        DESCRIPTION         
specific to each observable.                                DESCRIPTION         
Note: These GIM results correspond to the results for the   DESCRIPTION         
last day of a 3-day combination analysis solving for 73     DESCRIPTION         
times 256, or 18688 VTEC parameters and 3 daily sets of     DESCRIPTION         
GNSS code bias parameters.                                  DESCRIPTION         
Contact address: code(at)aiub.unibe.ch                      DESCRIPTION         
Data archive:    ftp.aiub.unibe.ch/CODE/                    DESCRIPTION         
                 www.aiub.unibe.ch/download/CODE/           DESCRIPTION         
  2024     7     8     0     0     0                        EPOCH OF FIRST MAP  
  2024     7     9     0     0     0                        EPOCH OF LAST MAP   
  3600                                                      INTERVAL            
[...]
    87.5 -87.5  -2.5                                        LAT1 / LAT2 / DLAT  
  -180.0 180.0   5.0                                        LON1 / LON2 / DLON  
    -1                                                      EXPONENT            
TEC/RMS values in 0.1 TECU; 9999, if no value available     COMMENT             
Peak TEC values for the included maps:                      COMMENT             
 770  799  825  822  868  884  877  846  823  793  762  740 COMMENT             
 717  723  758  809  824  801  761  771  789  788  797  806 COMMENT             
 817                                                        COMMENT             
List of stations:                                           COMMENT             
adis albh algo alic amu2 areq ascg aspa auck bake bogo bor1 COMMENT             
braz brft brst brux cas1 ccj2 cedu chti chur cord cpvg cro1 COMMENT             
darw dav1 dgar dubo faa1 fair flin flrs frdn func ganp glps COMMENT             
glsv gode gope gras graz guam hers hert hnpt hob2 hofn hrao COMMENT             
iisc ineg invk iqal joz2 jplm karr kerg kir0 kit3 kokv kour COMMENT             
lpal lpgs mac1 mal2 mas1 mat1 mate maw1 mcm4 mizu mkea mobs COMMENT             
mtka nano nklg nnor ntus nya1 onsa park pdel pert pimo pots COMMENT             
qaq1 rabt reun reyk rio2 sant sch2 scub sofi sthl stjo str2 COMMENT             
suth sydn syog tabv tash thti tid1 tow2 ulab unb3 unbj unsa COMMENT             
urum usud vald whit wind wtzz xmis yarr yel2 ykro zim2 zimm COMMENT             
                                                            END OF HEADER       
[from data line 1287]
     4                                                      START OF TEC MAP    
  2024     7     8     3     0     0                        EPOCH OF CURRENT MAP
    87.5-180.0 180.0   5.0 450.0                            LAT/LON1/LON2/DLON/H
  238  240  241  242  243  245  246  247  248  249  249  250  250  251  251  251
  251  251  250  250  249  248  247  246  245  244  243  241  240  239  238  236
  235  234  233  232  232  231  230  229  229  228  228  227  227  227  226  226
  226  225  225  225  225  225  225  225  225  225  226  226  227  227  228  229
  229  230  231  232  233  235  236  237  238
    85.0-180.0 180.0   5.0 450.0                            LAT/LON1/LON2/DLON/H
  236  238  241  243  245  248  250  253  255  257  258  260  261  262  262  262
  262  261  260  259  257  254  252  249  246  243  240  237  235  232  229  227
  225  224  222  221  221  220  220  220  219  219  219  219  219  219  219  218
  218  217  217  216  216  216  215  215  215  215  215  216  216  217  218  219
  220  222  224  225  227  229  231  233  236
    82.5-180.0 180.0   5.0 450.0                            LAT/LON1/LON2/DLON/H
  233  235  238  241  244  248  251  254  257  260  262  264  266  268  268  269
  268  267  265  262  259  255  251  246  241  236  231  226  221  217  214  211
  209  207  207  207  207  208  209  210  212  213  214  215  216  217  217  217
  216  215  215  214  213  212  211  210  210  210  210  210  211  212  213  215
  216  218  220  221  223  225  228  230  233
    80.0-180.0 180.0   5.0 450.0                            LAT/LON1/LON2/DLON/H
  232  234  236  239  242  245  248  251  255  258  260  263  265  267  268  268
  267  266  264  260  256  251  244  238  230  223  216  209  203  198  194  191
  189  189  190  192  194  197  201  205  208  212  215  217  219  221  221  221
  221  220  218  217  215  213  212  211  211  211  211  212  214  215  217  219
  220  222  223  225  226  227  228  230  232
    77.5-180.0 180.0   5.0 450.0                            LAT/LON1/LON2/DLON/H
  234  234  235  237  239  241  244  246  249  252  254  256  258  259  260  260
  260  259  256  253  248  242  234  226  217  208  199  191  184  178  174  172
  172  174  177  181  186  192  198  204  210  215  220  224  228  230  231  231
  231  229  227  225  223  220  219  218  218  219  220  223  225  228  231  233
  235  236  236  236  236  235  234  234  234
    75.0-180.0 180.0   5.0 450.0                            LAT/LON1/LON2/DLON/H
  239  237  236  236  237  238  240  241  243  244  245  246  246  247  247  247
  247  246  244  241  237  230  223  214  204  194  184  175  168  163  160  160
  162  166  171  178  185  193  200  208  216  223  229  234  238  242  243  244
  243  242  239  236  234  231  230  230  230  233  236  240  244  248  252  255
  257  257  257  255  252  248  245  241  239
    72.5-180.0 180.0   5.0 450.0                            LAT/LON1/LON2/DLON/H
  244  240  237  235  235  236  237  238  238  238  237  236  235  234  233  232
  232  231  230  228  224  219  212  203  193  183  173  165  159  155  154  156
  160  166  174  182  191  199  208  216  224  231  238  244  249  253  256  257
  256  255  252  249  246  244  243  244  246  249  254  260  267  272  277  281
  283  282  280  276  270  263  256  250  244
    70.0-180.0 180.0   5.0 450.0                            LAT/LON1/LON2/DLON/H
  248  241  237  235  234  234  235  235  235  234  232  229  226  223  220  219
  217  216  216  214  212  208  202  195  186  177  168  161  157  155  156  160
  167  175  183  192  201  209  217  225  232  239  246  253  258  263  266  267
  267  266  264  261  259  257  257  258  262  267  273  280  288  295  301  304
  306  304  300  294  286  276  266  256  248
    67.5-180.0 180.0   5.0 450.0                            LAT/LON1/LON2/DLON/H
  249  241  235  232  231  232  233  234  234  233  230  227  222  217  213  210
  207  205  204  202  201  198  194  189  182  175  168  163  161  161  165  171
  179  187  196  205  212  219  225  231  238  244  251  258  264  269  272  274
  275  274  273  271  269  269  269  272  276  282  289  296  304  311  317  320
  321  319  314  306  296  284  272  260  249
    65.0-180.0 180.0   5.0 450.0                            LAT/LON1/LON2/DLON/H
  249  239  232  228  227  228  231  233  234  233  231  228  223  218  212  207
  202  199  196  194  192  190  188  185  181  176  172  169  169  171  176  183
  192  200  208  215  220  225  229  234  240  246  253  260  266  272  276  278
  280  280  279  279  278  279  280  283  288  293  300  306  313  319  323  326
  326  323  317  309  299  287  274  261  249
    62.5-180.0 180.0   5.0 450.0                            LAT/LON1/LON2/DLON/H
  250  239  230  225  223  224  227  230  232  234  233  231  228  224  218  211
  204  198  192  188  186  185  184  183  182  180  178  177  178  182  187  195
  202  209  215  219  222  225  228  232  238  244  252  259  266  272  277  280
  282  283  284  285  286  288  290  294  297  301  306  310  314  318  320  321
  320  317  313  306  298  288  276  263  250
    60.0-180.0 180.0   5.0 450.0                            LAT/LON1/LON2/DLON/H
  255  243  233  225  221  221  223  226  229  232  234  235  234  232  228  221
  212  203  194  187  183  182  182  184  185  186  186  187  188  192  197  202
  208  213  216  217  217  219  221  226  233  241  250  259  267  273  278  281
  284  286  288  291  294  297  301  303  305  307  308  309  310  310  310  309
  307  305  303  300  295  288  279  268  255
    57.5-180.0 180.0   5.0 450.0                            LAT/LON1/LON2/DLON/H
  268  255  242  232  225  222  222  224  226  229  233  236  239  241  239  233
  223  212  200  190  184  182  184  187  191  194  195  197  198  200  203  206
  209  211  211  209  208  208  212  218  228  238  249  260  268  275  280  284
  287  290  294  298  304  308  312  314  314  312  310  306  303  300  297  295
  293  292  293  294  294  293  288  280  268
    55.0-180.0 180.0   5.0 450.0                            LAT/LON1/LON2/DLON/H
  289  275  261  247  237  231  227  225  225  226  230  235  242  247  248  245
  236  223  209  197  190  187  189  194  200  204  207  207  207  207  208  208
  208  207  203  200  197  197  202  211  223  236  250  262  272  279  285  289
  293  298  303  310  317  323  327  327  325  320  313  306  299  293  288  285
  283  284  287  292  298  302  303  298  289
    52.5-180.0 180.0   5.0 450.0                            LAT/LON1/LON2/DLON/H
  315  302  287  271  258  248  240  234  229  227  228  233  241  250  255  255
  248  236  222  209  200  197  200  205  212  217  220  220  218  215  213  210
  207  203  198  192  188  189  194  205  220  236  252  266  277  286  293  299
  304  310  317  326  335  342  345  345  340  331  321  310  301  294  288  283
  281  282  287  296  306  316  322  321  315
    50.0-180.0 180.0   5.0 450.0                            LAT/LON1/LON2/DLON/H
  341  331  316  300  286  273  262  250  240  232  229  232  240  251  259  262
  258  248  235  222  214  211  213  219  226  232  234  233  229  224  220  215
  210  205  198  191  186  185  191  202  218  237  254  271  284  295  304  312
  319  327  337  347  357  365  368  366  359  348  335  323  313  305  299  294
  291  291  296  305  317  331  341  345  341
    47.5-180.0 180.0   5.0 450.0                            LAT/LON1/LON2/DLON/H
  363  356  344  330  317  304  290  275  259  245  237  236  242  251  261  266
  265  258  248  237  229  226  228  234  241  246  247  246  241  236  230  224
  219  213  205  197  190  188  192  203  219  238  257  275  291  306  318  328
  338  349  360  372  383  391  394  391  383  371  358  345  336  328  322  317
  313  310  312  319  330  344  356  363  363
    45.0-180.0 180.0   5.0 450.0                            LAT/LON1/LON2/DLON/H
  376  373  366  356  346  336  322  306  285  266  251  245  247  255  263  269
  270  266  259  250  243  240  242  247  253  258  260  258  254  249  243  238
  233  227  220  210  202  197  198  206  220  238  258  278  297  315  331  345
  358  371  385  398  410  418  421  419  411  400  388  377  369  363  358  352
  345  339  335  336  343  354  365  373  376
    42.5-180.0 180.0   5.0 450.0                            LAT/LON1/LON2/DLON/H
  382  382  380  375  371  364  354  337  315  292  273  262  259  263  268  272
  274  272  267  260  254  251  253  257  263  267  270  270  267  263  258  255
  251  247  239  229  218  210  207  211  222  238  257  279  301  323  343  360
  376  392  407  422  434  443  447  447  442  433  424  416  411  407  403  397
  387  376  365  359  358  363  370  378  382
    40.0-180.0 180.0   5.0 450.0                            LAT/LON1/LON2/DLON/H
  385  387  388  389  389  388  381  366  344  319  298  284  278  277  277  278
  277  276  272  267  261  258  259  264  270  275  278  279  279  277  274  272
  270  267  260  250  237  225  217  217  224  237  255  278  302  327  350  371
  390  407  424  440  453  462  469  472  471  468  464  460  457  457  455  449
  437  421  404  389  380  376  377  381  385
    37.5-180.0 180.0   5.0 450.0                            LAT/LON1/LON2/DLON/H
  393  395  397  401  405  408  404  392  371  347  325  311  302  297  291  286
  282  279  275  270  265  262  264  270  277  283  287  289  291  290  289  287
  286  284  278  268  253  238  227  223  226  235  252  274  300  327  352  375
  395  415  433  450  463  474  483  490  497  500  502  503  505  507  508  503
  491  473  451  430  412  400  394  392  393
    35.0-180.0 180.0   5.0 450.0                            LAT/LON1/LON2/DLON/H
  415  414  415  419  424  428  426  414  394  372  352  339  330  321  309  298
  289  283  278  273  268  267  271  280  288  294  298  301  302  302  300  297
  296  294  289  279  264  248  234  227  226  233  247  269  295  322  348  371
  392  413  433  450  464  475  487  500  514  526  534  541  547  554  559  557
  548  530  507  483  460  440  427  419  415
    32.5-180.0 180.0   5.0 450.0                            LAT/LON1/LON2/DLON/H
  455  449  447  448  452  454  450  438  418  396  379  368  359  347  331  313
  299  290  284  278  274  276  285  298  309  314  315  314  313  311  306  301
  297  295  291  282  268  251  237  228  225  229  241  260  286  312  337  359
  381  402  423  441  455  467  481  499  520  540  556  568  580  592  602  606
  602  589  570  546  522  499  480  465  455
    30.0-180.0 180.0   5.0 450.0                            LAT/LON1/LON2/DLON/H
  515  504  496  493  493  491  483  467  444  422  406  397  388  375  354  332
  314  303  295  290  289  295  310  328  340  343  338  331  324  316  307  297
  290  285  282  274  262  248  235  226  221  223  232  249  273  298  321  342
  363  386  408  426  440  451  466  488  515  541  563  581  598  616  633  645
  649  644  632  615  594  572  550  530  515
    27.5-180.0 180.0   5.0 450.0                            LAT/LON1/LON2/DLON/H
  587  571  560  552  547  540  527  505  478  453  436  426  418  403  379  354
  334  321  315  311  313  325  347  370  383  380  365  347  331  315  299  284
  272  266  263  258  249  238  227  218  213  213  220  236  257  281  303  323
  344  367  390  409  421  431  446  470  500  530  557  579  601  625  650  671
  684  689  687  679  666  648  628  606  587
    25.0-180.0 180.0   5.0 450.0                            LAT/LON1/LON2/DLON/H
  660  642  629  619  610  599  580  553  521  491  470  458  447  430  405  378
  358  347  342  341  347  365  393  420  430  419  391  360  332  307  284  263
  248  240  237  234  229  221  213  206  201  200  206  220  240  263  285  305
  327  351  375  393  404  413  425  448  478  510  539  564  590  619  651  680
  702  717  725  728  726  716  700  680  660
    22.5-180.0 180.0   5.0 450.0                            LAT/LON1/LON2/DLON/H
  719  703  691  682  673  659  638  607  571  536  509  492  477  457  431  404
  384  376  374  377  386  409  441  469  475  452  410  364  324  291  261  235
  217  209  207  207  204  200  195  190  186  185  189  203  223  247  270  291
  314  339  364  382  393  399  410  429  458  488  515  541  569  602  639  674
  702  724  741  754  761  761  753  737  719
    20.0-180.0 180.0   5.0 450.0                            LAT/LON1/LON2/DLON/H
  755  744  736  731  724  712  690  659  622  583  550  525  504  481  454  428
  411  405  407  412  424  449  482  508  506  472  415  356  306  266  232  204
  185  177  177  179  179  178  176  172  169  168  173  187  208  233  258  283
  308  334  359  378  389  394  403  420  444  470  494  518  546  580  619  656
  687  712  733  752  768  777  777  768  755
    17.5-180.0 180.0   5.0 450.0                            LAT/LON1/LON2/DLON/H
  763  758  757  757  755  746  728  700  664  624  586  554  527  501  473  447
  432  429  432  439  452  476  506  526  515  469  402  334  278  236  201  173
  155  149  152  155  158  158  157  155  153  152  158  173  196  223  251  279
  306  334  360  380  392  400  408  422  442  464  484  504  529  561  598  633
  663  685  706  726  747  764  771  770  763
    15.0-180.0 180.0   5.0 450.0                            LAT/LON1/LON2/DLON/H
  748  749  754  761  763  757  743  721  690  652  611  573  541  511  483  459
  444  441  445  452  463  483  506  517  497  443  369  299  243  202  170  145
  131  129  133  139  142  142  142  141  140  140  147  162  186  215  246  277
  307  336  363  385  401  413  424  438  456  473  489  504  524  552  584  615
  638  655  670  688  709  730  743  748  748
    12.5-180.0 180.0   5.0 450.0                            LAT/LON1/LON2/DLON/H
  720  725  735  746  751  746  735  719  696  662  620  578  541  510  482  458
  443  438  441  446  453  465  479  480  452  394  321  255  206  172  145  126
  116  117  124  130  133  133  133  132  131  133  140  155  178  208  242  275
  307  337  365  390  412  430  447  464  482  498  510  521  536  557  583  607
  624  633  640  652  669  690  707  716  720
    10.0-180.0 180.0   5.0 450.0                            LAT/LON1/LON2/DLON/H
  694  701  713  725  727  721  710  698  681  652  611  566  527  495  469  445
  427  419  418  419  422  426  429  420  387  330  265  210  173  149  130  116
  111  115  124  130  132  131  130  129  128  130  136  149  171  200  234  270
  303  333  361  390  419  446  471  494  515  531  542  551  561  577  596  615
  626  629  628  632  644  662  678  688  694
     7.5-180.0 180.0   5.0 450.0                            LAT/LON1/LON2/DLON/H
  683  690  701  709  706  693  678  666  653  628  587  540  499  468  443  419
  398  385  380  378  375  371  365  348  313  263  211  172  149  136  125  116
  115  121  131  136  136  134  131  129  128  129  134  144  162  188  222  258
  291  322  351  383  419  455  489  520  545  565  578  586  594  606  622  637
  646  646  640  637  643  657  671  679  683
     5.0-180.0 180.0   5.0 450.0                            LAT/LON1/LON2/DLON/H
  695  698  705  708  698  676  653  638  624  598  556  506  464  434  410  385
  361  343  333  329  323  313  300  278  244  203  167  145  137  133  129  124
  125  132  141  144  143  138  134  131  129  129  131  137  150  173  204  240
  273  303  333  368  409  453  495  532  564  589  606  616  625  636  652  669
  681  682  676  669  671  680  690  694  695
     2.5-180.0 180.0   5.0 450.0                            LAT/LON1/LON2/DLON/H
  725  725  728  727  709  678  646  624  605  576  529  475  430  400  377  352
  324  301  289  283  276  263  245  221  191  161  140  133  136  140  138  135
  136  143  149  151  147  141  135  131  128  126  125  127  135  153  182  217
  250  279  309  345  389  438  485  527  563  593  615  630  642  656  676  700
  719  727  725  719  718  724  729  729  725
