COD0OPSRAP_20242430000_01D_01H_GIM.INX
     1.0            IONOSPHERE MAPS     GNSS                IONEX VERSION / TYPE
ADDNEQ2 V5.5        AIUB                31-AUG-24 08:01     PGM / RUN BY / DATE 
CODE'S RAPID IONOSPHERE MAPS FOR DAY 243, 2024              COMMENT             
Global ionosphere maps (GIM) are generated on a daily basis DESCRIPTION         
at CODE using data from about 120 GNSS sites of the IGS and DESCRIPTION         
other institutions. The vertical total electron content     DESCRIPTION         
(VTEC) is modeled in a solar-geomagnetic reference frame    DESCRIPTION         
using a spherical harmonics expansion up to degree and      DESCRIPTION         
order 15. Piece-wise linear functions are used for          DESCRIPTION         
representation in the time domain. The time spacing of      DESCRIPTION         
their vertices is 1 hour, conforming with the epochs of the DESCRIPTION         
VTEC maps.                                                  DESCRIPTION         
To convert line-of-sight TEC into vertical TEC, a modified  DESCRIPTION         
single-layer model mapping function approximating the JPL   DESCRIPTION         
extended slab model mapping function is adopted. The        DESCRIPTION         
mapping function is evaluated at geodetic satellite         DESCRIPTION         
elevation angles. For the computation of the ionospheric    DESCRIPTION         
pierce points, a spherical layer with a radius of 6821 km   DESCRIPTION         
is assumed, implying geocentric, not geodetic IONEX         DESCRIPTION         
latitudes.                                                  DESCRIPTION         
Instrumental biases with respect to each involved GNSS code DESCRIPTION         
observable are estimated as constant values for each        DESCRIPTION         
day. They are modeled with one set of bias parameters for   DESCRIPTION         
each satellite and each station in case of GPS and for each DESCRIPTION         
satellite-station link in case of GLONASS. The code bias    DESCRIPTION         
datum is defined by zero-mean conditions imposed on the     DESCRIPTION         
satellite bias estimates. In this file, just GPS C1W-C2W    DESCRIPTION         
satellite and station bias values are included. The         DESCRIPTION         
complete set of GNSS code bias results is provided in an    DESCRIPTION         
additional Bias-SINEX file as pseudo-absolute values        DESCRIPTION         
specific to each observable.                                DESCRIPTION         
Note: These GIM results correspond to the results for the   DESCRIPTION         
last day of a 3-day combination analysis solving for 73     DESCRIPTION         
times 256, or 18688 VTEC parameters and 3 daily sets of     DESCRIPTION         
GNSS code bias parameters.                                  DESCRIPTION         
Contact address: code(at)aiub.unibe.ch                      DESCRIPTION         
Data archive:    ftp.aiub.unibe.ch/CODE/                    DESCRIPTION         
                 www.aiub.unibe.ch/download/CODE/           DESCRIPTION         
  2024     8    30     0     0     0                        EPOCH OF FIRST MAP  
  2024     8    31     0     0     0                        EPOCH OF LAST MAP   
  3600                                                      INTERVAL            
[...]
    87.5 -87.5  -2.5                                        LAT1 / LAT2 / DLAT  
  -180.0 180.0   5.0                                        LON1 / LON2 / DLON  
    -1                                                      EXPONENT            
TEC/RMS values in 0.1 TECU; 9999, if no value available     COMMENT             
Peak TEC values for the included maps:                      COMMENT             
1111 1154 1203 1240 1209 1162 1142 1152 1160 1142 1139 1135 COMMENT             
1112 1097 1140 1210 1234 1219 1175 1142 1196 1216 1208 1199 COMMENT             
1200                                                        COMMENT             
List of stations:                                           COMMENT             
albh algo alic amu2 areq ascg aspa bake bogo bor1 braz brft COMMENT             
brst brux bshm cas1 ccj2 cedu chur cord cpvg cro1 darw dav1 COMMENT             
dgar dubo faa1 fair flin flrs frdn func ganp glps glsv gode COMMENT             
gope gras graz guam guat hert hnpt hob2 hofn hrao iisc ineg COMMENT             
invk iqal joz2 jplm kerg kir0 kit3 kour lpal lpgs mac1 mal2 COMMENT             
mas1 mat1 mate maw1 mcm4 mizu mkea mobs mtka nano nklg nnor COMMENT             
ntus nya1 onsa park pdel pert pimo pots qaq1 rabt ramo reun COMMENT             
reyk rio2 sant sch2 scub sofi sthl stjo str2 suth sydn syog COMMENT             
tabv tash thti thu2 tid1 tn22 tow2 ulab unb3 unbj unsa urum COMMENT             
usud vald whit wtzz xmis yarr yel2 ykro zim2 zimm           COMMENT             
                                                            END OF HEADER       
[from data line 6435]
    16                                                      START OF TEC MAP    
  2024     8    30    15     0     0                        EPOCH OF CURRENT MAP
    87.5-180.0 180.0   5.0 450.0                            LAT/LON1/LON2/DLON/H
  241  244  247  251  254  258  261  264  267  269  271  273  274  275  275  275
  275  274  273  271  268  266  263  260  256  253  249  245  241  238  234  230
  227  224  221  218  216  214  212  210  209  208  207  207  206  206  206  206
  207  207  207  208  208  209  209  210  211  211  212  213  214  215  217  218
  220  222  224  226  229  231  234  237  241
    85.0-180.0 180.0   5.0 450.0                            LAT/LON1/LON2/DLON/H
  225  232  240  248  256  264  272  280  287  294  300  305  308  311  312  313
  312  309  306  301  296  290  282  275  267  258  250  241  233  225  217  210
  203  197  192  188  184  181  179  178  177  178  179  180  181  183  185  187
  189  191  193  194  195  196  196  196  196  195  195  194  193  193  193  193
  194  195  197  200  203  208  213  218  225
    82.5-180.0 180.0   5.0 450.0                            LAT/LON1/LON2/DLON/H
  195  205  216  229  242  255  269  282  294  306  316  324  331  336  338  339
  337  334  328  321  313  303  292  280  268  255  243  230  218  206  195  185
  176  168  161  156  152  149  148  149  151  154  158  162  167  173  178  184
  188  192  196  198  199  199  199  197  195  192  188  184  180  176  173  170
  167  166  166  167  169  173  179  186  195
    80.0-180.0 180.0   5.0 450.0                            LAT/LON1/LON2/DLON/H
  160  171  185  200  216  234  252  269  286  302  316  327  337  343  347  348
  346  342  335  326  315  304  290  277  262  248  233  219  205  192  179  167
  157  148  140  134  130  128  128  131  135  141  148  157  166  176  185  193
  201  207  211  214  215  215  213  209  204  198  192  185  177  169  162  155
  149  144  140  138  138  140  144  151  160
    77.5-180.0 180.0   5.0 450.0                            LAT/LON1/LON2/DLON/H
  131  141  154  170  187  207  226  246  266  284  300  313  324  331  336  337
  336  331  325  316  306  294  281  268  255  241  228  215  202  189  177  166
  155  145  137  130  126  124  124  127  133  142  152  164  176  189  201  212
  221  228  233  235  235  233  229  224  217  209  201  192  182  172  162  153
  144  135  128  123  119  118  120  124  131
    75.0-180.0 180.0   5.0 450.0                            LAT/LON1/LON2/DLON/H
  116  123  134  147  162  180  199  219  238  255  271  285  296  304  308  310
  310  307  302  295  287  279  270  261  251  242  232  223  213  204  194  184
  174  164  155  147  141  137  136  139  145  154  165  179  193  207  220  232
  240  247  250  250  248  244  238  231  224  216  207  199  190  181  171  161
  151  142  133  125  118  114  112  112  116
    72.5-180.0 180.0   5.0 450.0                            LAT/LON1/LON2/DLON/H
  117  120  126  135  147  161  176  193  209  224  238  249  259  266  271  273
  274  273  272  270  267  264  260  257  254  251  247  244  240  235  228  221
  212  202  191  181  172  166  162  162  167  174  185  198  212  226  237  247
  253  256  256  252  247  240  232  224  217  210  205  199  194  188  182  175
  167  158  150  141  133  126  121  118  117
    70.0-180.0 180.0   5.0 450.0                            LAT/LON1/LON2/DLON/H
  130  129  131  135  142  151  162  173  184  195  205  214  221  226  230  234
  237  239  242  245  248  252  256  259  263  267  270  273  275  275  273  269
  261  251  239  227  214  204  196  193  194  199  208  218  230  240  249  255
  256  254  249  240  230  219  210  201  195  191  189  188  188  188  187  185
  181  176  170  162  155  147  140  134  130
    67.5-180.0 180.0   5.0 450.0                            LAT/LON1/LON2/DLON/H
  147  143  142  142  145  150  155  161  168  174  179  184  188  192  195  199
  204  210  217  225  235  245  255  266  276  286  296  305  312  318  321  320
  315  305  292  276  261  246  235  227  224  226  230  237  245  251  255  256
  252  244  232  219  204  189  177  168  163  161  163  168  173  178  182  185
  186  185  182  178  172  166  159  152  147
    65.0-180.0 180.0   5.0 450.0                            LAT/LON1/LON2/DLON/H
  157  153  151  150  151  153  155  157  159  161  162  164  165  167  169  174
  180  188  199  212  226  241  257  273  288  303  317  332  345  356  363  366
  364  355  342  325  307  289  274  263  256  253  254  256  259  261  260  255
  246  233  216  197  178  160  145  135  131  131  136  143  152  160  168  174
  178  180  180  179  176  172  167  161  157
    62.5-180.0 180.0   5.0 450.0                            LAT/LON1/LON2/DLON/H
  153  152  152  153  154  156  156  156  156  155  154  153  153  153  155  159
  166  175  188  203  220  238  257  276  295  313  332  350  368  384  397  404
  405  398  386  369  349  330  313  299  289  283  279  278  276  273  268  259
  246  229  209  187  165  144  128  116  111  111  116  124  132  141  148  153
  157  160  162  163  163  161  158  155  153
    60.0-180.0 180.0   5.0 450.0                            LAT/LON1/LON2/DLON/H
  135  137  142  147  151  154  156  156  155  153  152  151  150  150  152  156
  162  171  182  197  214  233  253  274  295  316  337  359  382  403  420  432
  437  433  423  407  388  369  351  336  324  315  309  304  299  293  284  272
  257  239  219  196  173  151  133  120  113  111  114  119  124  128  130  132
  133  133  134  135  135  135  134  134  135
    57.5-180.0 180.0   5.0 450.0                            LAT/LON1/LON2/DLON/H
  107  114  122  132  141  147  151  153  153  153  153  153  154  155  157  161
  166  173  182  193  208  226  246  267  290  313  337  363  389  415  437  453
  461  461  453  439  423  406  389  375  362  352  344  336  329  320  310  298
  284  267  248  227  204  183  164  149  139  135  133  133  132  129  124  118
  113  109  107  105  104  103  102  104  107
    55.0-180.0 180.0   5.0 450.0                            LAT/LON1/LON2/DLON/H
   80   88  101  114  126  136  142  146  149  152  155  158  162  165  168  172
  176  180  185  192  202  217  236  259  283  310  337  366  396  426  451  470
  480  482  477  467  454  441  427  414  402  391  382  373  365  356  346  335
  322  308  291  273  253  232  212  196  184  176  170  164  156  146  133  120
  108   98   91   86   81   78   75   76   80
    52.5-180.0 180.0   5.0 450.0                            LAT/LON1/LON2/DLON/H
   63   71   84   99  113  124  132  138  144  151  158  165  171  177  183  188
  191  192  193  194  199  211  229  253  281  310  342  374  407  439  466  485
  496  499  496  489  481  472  462  451  441  431  422  413  405  396  387  377
  366  354  340  324  306  286  266  249  235  225  216  206  193  177  158  139
  121  107   96   86   78   70   64   61   63
    50.0-180.0 180.0   5.0 450.0                            LAT/LON1/LON2/DLON/H
   64   69   79   92  105  116  124  132  140  150  161  172  182  190  199  206
  210  210  206  202  202  210  228  254  286  320  355  390  425  456  482  499
  508  510  509  507  504  500  494  486  477  468  460  452  444  436  428  418
  408  396  384  368  350  330  310  292  278  268  258  247  232  213  192  171
  151  135  121  109   97   85   74   66   64
    47.5-180.0 180.0   5.0 450.0                            LAT/LON1/LON2/DLON/H
   84   83   88   97  106  114  121  129  140  153  168  182  194  205  216  226
  232  232  225  217  212  218  236  265  301  339  377  414  448  478  500  513
  518  519  519  521  524  525  523  518  511  503  495  488  480  472  463  453
  442  429  414  398  378  357  335  317  304  294  286  277  263  246  227  207
  189  174  161  148  135  120  105   92   84
    45.0-180.0 180.0   5.0 450.0                            LAT/LON1/LON2/DLON/H
  118  111  109  112  115  119  124  132  145  162  180  196  210  222  236  249
  258  259  251  239  231  235  254  286  326  367  407  443  476  501  518  525
  526  526  530  537  546  553  555  552  545  537  529  521  513  504  493  481
  466  450  432  411  388  364  340  321  308  301  297  291  281  268  254  239
  226  215  205  194  181  166  149  132  118
    42.5-180.0 180.0   5.0 450.0                            LAT/LON1/LON2/DLON/H
  158  145  136  132  130  129  132  140  156  176  198  215  229  242  257  273
  286  289  282  268  258  261  281  315  357  400  440  475  505  526  538  540
  538  539  547  562  577  589  594  592  585  577  566  556  544  533  520  505
  487  466  443  417  389  360  333  312  300  295  293  291  286  278  269  261
  253  247  241  233  224  211  194  175  158
    40.0-180.0 180.0   5.0 450.0                            LAT/LON1/LON2/DLON/H
  193  176  162  152  145  141  142  152  171  196  220  240  254  266  282  300
  315  321  315  302  291  294  314  350  392  435  474  507  533  552  560  561
  560  565  580  603  626  642  648  645  638  627  613  597  580  565  549  531
  510  486  459  429  396  362  331  307  293  288  288  287  285  280  276  272
  269  265  262  258  252  243  229  212  193
    37.5-180.0 180.0   5.0 450.0                            LAT/LON1/LON2/DLON/H
  216  198  181  167  156  150  152  164  187  216  245  267  281  293  309  328
  345  354  350  338  328  332  352  387  429  469  505  537  562  580  590  593
  597  611  637  669  698  716  721  717  707  692  673  649  626  605  587  568
  546  520  492  460  424  386  350  321  305  297  295  293  289  285  281  279
  276  273  269  266  262  257  248  234  216
    35.0-180.0 180.0   5.0 450.0                            LAT/LON1/LON2/DLON/H
  225  207  189  174  162  156  159  174  201  235  268  294  310  322  338  357
  376  386  384  375  369  374  394  427  465  502  535  566  593  615  630  641
  656  682  720  761  795  812  814  807  794  775  748  716  684  658  637  619
  599  576  549  518  482  442  401  368  346  334  327  319  311  304  297  292
  286  278  270  264  260  256  251  241  225
    32.5-180.0 180.0   5.0 450.0                            LAT/LON1/LON2/DLON/H
  224  208  190  175  163  158  163  180  210  248  287  317  337  351  367  387
  406  417  419  414  411  419  439  469  502  534  565  596  628  658  683  707
  735  775  825  874  908  921  918  906  891  868  834  793  752  721  700  684
  667  649  627  602  569  528  485  447  420  401  387  372  358  344  333  322
  309  294  278  265  256  250  245  237  224
    30.0-180.0 180.0   5.0 450.0                            LAT/LON1/LON2/DLON/H
  220  205  188  173  163  159  164  181  213  254  298  334  359  378  396  416
  435  448  452  453  457  468  488  513  540  568  597  631  669  709  748  786
  829  882  941  993 1023 1029 1018 1003  987  962  923  873  825  789  768  754
  741  728  713  695  668  630  587  546  514  490  469  448  427  408  391  374
  353  329  303  280  262  250  241  232  220
    27.5-180.0 180.0   5.0 450.0                            LAT/LON1/LON2/DLON/H
  221  206  189  174  164  160  164  180  211  254  301  343  376  400  422  444
  463  477  486  494  505  520  540  561  582  605  633  669  715  766  818  870
  926  988 1051 1100 1122 1117 1099 1082 1066 1042 1000  946  892  854  831  818
  806  796  787  776  756  723  683  643  610  583  558  532  508  486  466  445
  419  387  352  318  289  266  249  235  221
    25.0-180.0 180.0   5.0 450.0                            LAT/LON1/LON2/DLON/H
  233  215  197  182  171  165  167  180  207  249  298  346  385  417  444  468
  489  506  520  535  553  574  593  610  627  647  674  713  764  823  885  947
 1010 1076 1136 1177 1187 1170 1145 1127 1115 1095 1055  998  943  903  879  862
  846  833  825  820  807  782  747  712  682  657  633  608  585  566  547  526
  497  462  422  379  338  302  273  251  233
    22.5-180.0 180.0   5.0 450.0                            LAT/LON1/LON2/DLON/H
  256  234  214  196  183  175  173  181  204  243  293  344  390  427  459  488
  512  533  553  575  601  625  645  660  673  690  717  757  812  875  942 1008
 1071 1132 1183 1210 1206 1178 1148 1131 1125 1112 1077 1024  970  930  902  876
  850  827  815  811  804  787  761  734  713  694  677  659  643  631  618  600
  574  541  501  454  404  354  313  281  256
    20.0-180.0 180.0   5.0 450.0                            LAT/LON1/LON2/DLON/H
  287  261  236  215  199  188  182  186  203  239  288  341  390  432  469  502
  530  556  582  612  643  671  692  706  718  735  762  802  855  918  983 1045
 1101 1150 1187 1198 1180 1143 1110 1097 1099 1094 1066 1019  971  931  897  858
  814  775  753  746  743  734  719  705  696  689  681  674  670  668  664  653
  633  607  573  528  473  414  361  319  287
    17.5-180.0 180.0   5.0 450.0                            LAT/LON1/LON2/DLON/H
  320  289  260  234  215  202  193  193  207  239  286  339  389  433  473  510
  544  575  606  641  677  708  730  745  759  778  805  843  893  950 1008 1059
 1101 1134 1153 1150 1121 1079 1046 1038 1046 1049 1029  991  949  911  870  814
  749  690  654  641  639  637  635  635  640  646  650  656  664  673  677  673
  661  645  621  583  530  467  406  357  320
    15.0-180.0 180.0   5.0 450.0                            LAT/LON1/LON2/DLON/H
  347  313  280  251  228  213  203  201  213  244  289  340  388  432  473  514
  552  588  625  663  701  733  757  776  794  817  846  882  925  973 1019 1056
 1082 1097 1099 1083 1048 1005  976  973  985  993  980  950  917  881  832  759
  672  593  543  523  521  526  535  550  568  585  599  615  633  651  660  660
  653  646  635  610  563  502  439  388  347
    12.5-180.0 180.0   5.0 450.0                            LAT/LON1/LON2/DLON/H
  364  328  293  261  237  220  211  209  221  252  296  345  390  431  471  514
  557  597  636  675  714  748  775  799  824  853  885  918  954  991 1025 1047
 1056 1054 1043 1020  985  947  923  922  935  943  934  912  886  853  798  712
  607  513  453  428  426  436  455  479  506  530  549  570  594  614  623  620
  614  613  614  602  567  513  455  404  364
    10.0-180.0 180.0   5.0 450.0                            LAT/LON1/LON2/DLON/H
  370  335  299  265  240  223  214  214  228  259  305  352  394  431  470  514
  559  603  643  682  720  755  787  818  851  887  921  952  981 1010 1032 1042
 1037 1023 1005  981  950  920  902  901  911  916  907  890  870  840  781  687
  575  475  411  385  384  398  422  452  481  503  520  540  562  578  580  568
  557  557  566  566  544  501  451  407  370
     7.5-180.0 180.0   5.0 450.0                            LAT/LON1/LON2/DLON/H
  366  333  298  265  240  224  215  216  231  265  312  359  400  434  471  515
  562  607  647  685  723  760  797  836  877  918  954  984 1009 1031 1045 1046
 1033 1013  993  974  952  932  918  916  919  917  905  891  876  848  790  696
  586  491  433  410  412  427  452  480  503  516  524  535  549  556  545  520
  498  494  505  514  503  473  434  398  366
     5.0-180.0 180.0   5.0 450.0                            LAT/LON1/LON2/DLON/H
  357  328  295  263  240  224  215  215  231  266  315  365  406  440  476  519
  566  611  651  689  727  767  810  855  902  947  983 1012 1034 1053 1063 1059
 1043 1023 1007  996  986  975  966  960  954  943  927  913  901  876  822  736
  639  559  514  500  504  519  540  560  570  567  559  557  559  554  529  488
  452  439  447  459  457  438  410  383  357
     2.5-180.0 180.0   5.0 450.0                            LAT/LON1/LON2/DLON/H
  345  319  290  263  242  228  217  215  228  263  314  367  411  448  484  526
  573  617  657  695  736  781  828  878  927  971 1006 1032 1053 1070 1079 1075
 1060 1043 1035 1034 1036 1033 1025 1015 1002  983  964  949  937  914  867  795
  718  661  634  629  636  648  661  668  660  637  611  594  585  568  530  475
  427  403  405  415  417  405  385  366  345
