COD0OPSRAP_20242320000_01D_01H_GIM.INX
     1.0            IONOSPHERE MAPS     GNSS                IONEX VERSION / TYPE
ADDNEQ2 V5.5        AIUB                20-AUG-24 10:54     PGM / RUN BY / DATE 
CODE'S RAPID IONOSPHERE MAPS FOR DAY 232, 2024              COMMENT             
Global ionosphere maps (GIM) are generated on a daily basis DESCRIPTION         
at CODE using data from about 120 GNSS sites of the IGS and DESCRIPTION         
other institutions. The vertical total electron content     DESCRIPTION         
(VTEC) is modeled in a solar-geomagnetic reference frame    DESCRIPTION         
using a spherical harmonics expansion up to degree and      DESCRIPTION         
order 15. Piece-wise linear functions are used for          DESCRIPTION         
representation in the time domain. The time spacing of      DESCRIPTION         
their vertices is 1 hour, conforming with the epochs of the DESCRIPTION         
VTEC maps.                                                  DESCRIPTION         
To convert line-of-sight TEC into vertical TEC, a modified  DESCRIPTION         
single-layer model mapping function approximating the JPL   DESCRIPTION         
extended slab model mapping function is adopted. The        DESCRIPTION         
mapping function is evaluated at geodetic satellite         DESCRIPTION         
elevation angles. For the computation of the ionospheric    DESCRIPTION         
pierce points, a spherical layer with a radius of 6821 km   DESCRIPTION         
is assumed, implying geocentric, not geodetic IONEX         DESCRIPTION         
latitudes.                                                  DESCRIPTION         
Instrumental biases with respect to each involved GNSS code DESCRIPTION         
observable are estimated as constant values for each        DESCRIPTION         
day. They are modeled with one set of bias parameters for   DESCRIPTION         
each satellite and each station in case of GPS and for each DESCRIPTION         
satellite-station link in case of GLONASS. The code bias    DESCRIPTION         
datum is defined by zero-mean conditions imposed on the     DESCRIPTION         
satellite bias estimates. In this file, just GPS C1W-C2W    DESCRIPTION         
satellite and station bias values are included. The         DESCRIPTION         
complete set of GNSS code bias results is provided in an    DESCRIPTION         
additional Bias-SINEX file as pseudo-absolute values        DESCRIPTION         
specific to each observable.                                DESCRIPTION         
Note: These GIM results correspond to the results for the   DESCRIPTION         
last day of a 3-day combination analysis solving for 73     DESCRIPTION         
times 256, or 18688 VTEC parameters and 3 daily sets of     DESCRIPTION         
GNSS code bias parameters.                                  DESCRIPTION         
Contact address: code(at)aiub.unibe.ch                      DESCRIPTION         
Data archive:    ftp.aiub.unibe.ch/CODE/                    DESCRIPTION         
                 www.aiub.unibe.ch/download/CODE/           DESCRIPTION         
  2024     8    19     0     0     0                        EPOCH OF FIRST MAP  
  2024     8    20     0     0     0                        EPOCH OF LAST MAP   
  3600                                                      INTERVAL            
[...]
    87.5 -87.5  -2.5                                        LAT1 / LAT2 / DLAT  
  -180.0 180.0   5.0                                        LON1 / LON2 / DLON  
    -1                                                      EXPONENT            
TEC/RMS values in 0.1 TECU; 9999, if no value available     COMMENT             
Peak TEC values for the included maps:                      COMMENT             
1046 1051 1046 1050 1056 1039 1048 1060 1066 1046 1046 1040 COMMENT             
1040 1030 1089 1172 1231 1235 1220 1114 1064 1109 1120 1120 COMMENT             
1120                                                        COMMENT             
List of stations:                                           COMMENT             
adis albh alic amu2 areq ascg aspa bake bjfs bogo bor1 braz COMMENT             
brft brst brux bshm cas1 ccj2 cedu cord cpvg cro1 darw dav1 COMMENT             
dgar dubo fair flin flrs frdn func ganp glps glsv gode gope COMMENT             
gras graz guam hers hert hnpt hob2 hofn hrao iisc ineg invk COMMENT             
iqal joz2 jplm karr kerg kir0 kit3 kour lpal lpgs mac1 mal2 COMMENT             
mas1 mat1 mate maw1 mcm4 mizu mkea mobs mtka nano nklg nnor COMMENT             
ntus nya1 onsa park pdel pert pimo pots qaq1 rabt ramo reun COMMENT             
reyk rio2 sant sofi sthl stjo str2 suth sydn syog tabv tash COMMENT             
thti thu2 tid1 tow2 tskb ulab unb3 unbj unsa urum usud vald COMMENT             
whit wind wtzz xmis yarr yel2 yell ykro zim2 zimm           COMMENT             
                                                            END OF HEADER       
[from data line 429]
     2                                                      START OF TEC MAP    
  2024     8    19     1     0     0                        EPOCH OF CURRENT MAP
    87.5-180.0 180.0   5.0 450.0                            LAT/LON1/LON2/DLON/H
  256  256  255  255  254  254  253  251  250  249  247  245  243  241  239  237
  235  233  230  228  226  224  222  220  218  216  215  213  212  211  210  209
  209  209  209  209  209  210  210  211  213  214  215  217  218  220  222  223
  225  227  229  231  233  234  236  238  240  241  243  245  246  248  249  250
  251  252  253  254  255  255  255  256  256
    85.0-180.0 180.0   5.0 450.0                            LAT/LON1/LON2/DLON/H
  275  276  276  276  275  274  273  271  269  267  264  261  258  254  250  246
  242  237  233  228  224  220  215  211  208  204  201  198  195  193  192  190
  190  189  189  190  191  192  194  196  199  201  204  207  210  213  216  219
  222  226  229  232  235  238  240  243  246  248  251  253  256  258  260  263
  265  266  268  270  271  273  274  275  275
    82.5-180.0 180.0   5.0 450.0                            LAT/LON1/LON2/DLON/H
  288  289  290  291  291  291  290  288  286  284  281  277  273  268  263  257
  251  245  239  232  226  220  214  209  204  199  194  190  186  183  181  179
  178  178  178  179  180  182  185  188  191  195  198  202  206  210  214  218
  222  226  229  233  236  239  242  245  248  251  253  256  259  262  264  267
  270  272  275  278  280  282  284  286  288
    80.0-180.0 180.0   5.0 450.0                            LAT/LON1/LON2/DLON/H
  292  295  297  298  300  301  301  301  300  298  295  291  286  280  274  267
  260  253  246  239  232  225  218  212  206  200  195  190  185  181  178  176
  174  173  174  175  176  179  182  185  189  193  197  201  205  209  213  217
  221  224  228  231  235  238  240  243  246  248  251  253  256  259  262  265
  268  271  275  278  281  284  287  290  292
    77.5-180.0 180.0   5.0 450.0                            LAT/LON1/LON2/DLON/H
  291  294  297  299  302  304  306  308  308  307  305  302  297  291  283  275
  267  259  251  243  236  230  224  218  212  206  201  195  190  185  181  178
  175  174  174  175  176  179  182  185  189  192  196  199  203  206  210  213
  217  220  224  227  231  234  236  239  241  244  246  248  251  253  257  260
  263  267  271  274  278  281  285  288  291
    75.0-180.0 180.0   5.0 450.0                            LAT/LON1/LON2/DLON/H
  287  290  293  296  299  303  307  311  313  314  313  310  305  298  289  280
  270  260  252  244  238  232  227  222  217  212  207  201  195  189  184  180
  177  175  174  175  176  178  180  183  186  189  192  194  196  199  202  205
  209  213  217  221  225  229  233  235  238  240  243  245  248  251  254  257
  261  265  269  272  276  279  282  285  287
    72.5-180.0 180.0   5.0 450.0                            LAT/LON1/LON2/DLON/H
  285  286  288  291  295  300  305  311  316  320  320  318  312  304  293  281
  269  257  248  240  234  229  226  222  218  214  208  202  196  190  184  179
  175  172  171  170  171  173  175  177  179  181  182  183  185  187  189  193
  197  203  209  215  221  227  232  236  240  243  246  249  252  255  259  263
  267  270  274  277  280  282  283  284  285
    70.0-180.0 180.0   5.0 450.0                            LAT/LON1/LON2/DLON/H
  289  287  286  287  290  296  303  311  319  325  328  327  321  311  297  282
  266  252  241  232  226  222  219  217  213  209  203  197  190  184  178  172
  167  164  161  160  160  161  163  165  166  167  167  168  168  170  173  178
  185  193  202  211  220  228  236  242  247  252  257  261  265  269  274  278
  282  286  289  291  292  292  292  290  289
    67.5-180.0 180.0   5.0 450.0                            LAT/LON1/LON2/DLON/H
  298  293  289  287  288  293  301  311  321  331  336  337  331  319  303  285
  266  249  235  225  218  214  211  207  203  198  192  185  178  172  166  160
  155  151  148  146  145  145  147  148  149  150  150  150  151  153  157  164
  174  185  197  210  223  234  245  253  261  268  274  280  286  292  298  302
  307  310  312  313  312  311  308  303  298
    65.0-180.0 180.0   5.0 450.0                            LAT/LON1/LON2/DLON/H
  314  305  297  292  290  292  299  310  323  336  344  347  343  331  313  292
  271  251  235  223  215  209  204  198  192  185  177  170  163  158  152  147
  142  137  133  130  128  128  130  131  133  134  135  135  136  139  145  154
  167  181  197  214  229  244  256  267  277  286  294  303  311  319  326  331
  336  339  340  340  338  335  329  322  314
    62.5-180.0 180.0   5.0 450.0                            LAT/LON1/LON2/DLON/H
  334  322  310  301  295  294  299  310  324  338  350  356  354  344  326  305
  282  262  244  231  220  212  204  195  185  174  165  157  151  147  143  139
  134  128  122  117  115  114  116  119  121  123  125  125  127  131  139  150
  165  182  201  220  237  253  267  279  291  302  312  323  333  343  352  359
  364  367  368  368  365  360  353  345  334
    60.0-180.0 180.0   5.0 450.0                            LAT/LON1/LON2/DLON/H
  356  342  327  314  303  298  300  308  322  337  351  360  362  355  340  321
  300  280  263  249  237  226  213  200  186  172  161  152  147  145  142  139
  134  126  119  112  108  107  110  113  117  121  122  124  126  131  139  152
  169  188  208  227  244  260  274  286  298  310  323  336  348  360  370  379
  385  389  391  390  388  384  377  367  356
    57.5-180.0 180.0   5.0 450.0                            LAT/LON1/LON2/DLON/H
  377  363  347  331  317  307  304  308  319  333  348  359  364  362  352  338
  321  305  289  276  263  249  233  216  197  180  167  159  155  153  152  149
  143  134  124  116  110  109  112  117  122  126  128  129  131  136  146  160
  177  196  215  233  249  263  275  287  299  311  324  338  352  365  377  387
  394  400  404  406  405  403  397  389  377
    55.0-180.0 180.0   5.0 450.0                            LAT/LON1/LON2/DLON/H
  399  386  370  353  336  322  314  312  317  328  341  353  361  363  360  352
  342  330  318  306  294  278  260  239  218  198  184  175  172  171  171  167
  159  148  136  126  120  119  123  128  134  138  140  140  141  146  155  170
  187  205  223  238  251  262  272  282  293  305  318  333  347  360  373  383
  393  401  408  413  416  416  414  408  399
    52.5-180.0 180.0   5.0 450.0                            LAT/LON1/LON2/DLON/H
  419  410  396  380  362  345  331  323  322  326  335  345  354  361  363  361
  357  351  344  335  323  308  289  267  243  222  207  198  194  193  191  185
  176  163  150  140  134  134  138  144  150  154  154  153  153  157  166  180
  198  215  231  243  253  261  268  276  285  296  309  323  336  349  361  372
  383  394  405  414  422  426  427  425  419
    50.0-180.0 180.0   5.0 450.0                            LAT/LON1/LON2/DLON/H
  439  433  424  411  395  376  359  344  336  333  335  342  349  357  362  366
  367  366  363  357  347  333  314  292  268  246  230  220  215  212  207  199
  187  174  161  153  149  150  155  162  167  170  168  165  163  166  176  191
  209  226  240  251  258  264  269  274  282  292  304  316  328  338  349  359
  371  385  399  413  425  434  439  441  439
    47.5-180.0 180.0   5.0 450.0                            LAT/LON1/LON2/DLON/H
  458  457  453  444  431  414  395  376  361  351  347  347  350  356  363  369
  373  375  374  370  362  350  332  311  287  265  247  236  229  223  214  203
  190  177  168  163  162  165  171  178  183  184  181  176  173  175  185  201
  220  238  253  263  269  274  277  282  288  297  308  318  327  335  342  351
  363  379  396  414  430  442  451  456  458
    45.0-180.0 180.0   5.0 450.0                            LAT/LON1/LON2/DLON/H
  475  478  479  476  468  454  436  416  397  381  370  364  362  364  368  373
  377  379  379  376  369  358  342  321  296  273  255  242  232  222  210  197
  184  174  170  170  174  179  186  192  196  197  194  188  183  184  194  212
  233  254  270  281  289  293  297  301  307  315  324  333  340  344  348  354
  365  380  399  419  437  451  462  470  475
    42.5-180.0 180.0   5.0 450.0                            LAT/LON1/LON2/DLON/H
  489  496  502  504  502  493  478  459  439  421  405  393  385  381  381  383
  385  385  383  379  372  362  345  323  298  273  253  238  227  214  200  186
  174  169  171  178  186  194  200  206  210  211  208  201  195  195  205  224
  248  271  290  305  315  321  326  330  336  344  353  361  365  366  367  370
  378  392  410  430  448  463  474  482  489
    40.0-180.0 180.0   5.0 450.0                            LAT/LON1/LON2/DLON/H
  502  510  519  526  529  525  514  499  482  464  446  430  417  408  403  401
  399  395  390  384  376  364  346  322  295  268  247  232  220  207  192  178
  170  171  179  191  203  211  217  222  227  229  227  220  213  211  219  238
  263  288  311  330  344  353  360  365  371  379  389  397  400  400  397  398
  403  414  430  446  462  475  485  493  502
    37.5-180.0 180.0   5.0 450.0                            LAT/LON1/LON2/DLON/H
  513  522  533  542  548  548  543  533  519  504  487  470  454  442  433  427
  420  412  403  393  383  370  350  324  294  266  245  231  220  209  196  184
  179  185  198  214  227  234  239  243  247  251  250  244  235  231  235  252
  276  303  329  351  370  383  392  398  405  414  426  435  440  439  436  434
  437  445  456  469  481  491  498  505  513
    35.0-180.0 180.0   5.0 450.0                            LAT/LON1/LON2/DLON/H
  525  534  545  555  562  564  562  557  548  537  523  506  490  477  467  458
  448  436  422  409  396  381  360  332  301  274  255  245  238  230  219  209
  207  214  229  245  257  263  265  267  272  277  279  273  262  252  252  263
  284  310  338  364  386  404  416  424  432  443  457  469  476  477  476  475
  476  481  488  496  504  510  514  519  525
    32.5-180.0 180.0   5.0 450.0                            LAT/LON1/LON2/DLON/H
  544  552  561  570  575  577  576  574  570  563  552  537  523  510  501  491
  479  463  446  429  414  398  378  352  323  299  284  279  277  271  262  253
  251  258  271  283  291  293  292  294  299  305  307  301  287  273  266  270
  285  308  334  363  390  412  427  438  448  462  479  494  505  510  512  514
  517  520  524  528  532  535  537  539  544
    30.0-180.0 180.0   5.0 450.0                            LAT/LON1/LON2/DLON/H
  573  579  586  592  595  594  593  591  589  585  576  564  551  541  533  524
  510  491  469  449  434  420  405  384  361  343  335  335  335  331  321  310
  305  307  314  321  323  321  318  319  323  329  331  323  307  288  273  269
  276  293  318  347  378  405  424  438  452  469  489  509  524  535  543  550
  555  560  563  566  567  568  568  569  573
    27.5-180.0 180.0   5.0 450.0                            LAT/LON1/LON2/DLON/H
  614  619  624  627  626  622  618  615  614  610  602  590  578  570  563  555
  540  517  491  468  453  445  438  427  414  405  402  405  406  399  384  368
  356  352  350  349  345  341  338  338  341  345  345  336  318  294  273  260
  259  269  290  320  353  385  409  428  446  467  492  516  536  552  567  581
  592  600  605  608  611  612  611  611  614
    25.0-180.0 180.0   5.0 450.0                            LAT/LON1/LON2/DLON/H
  667  672  676  677  673  666  658  653  650  646  636  624  611  603  597  587
  569  541  510  485  472  472  476  479  478  476  478  479  475  460  436  412
  394  381  371  362  354  350  349  349  350  350  346  336  316  291  265  245
  236  239  255  284  321  358  388  413  436  463  491  519  544  566  588  609
  626  639  649  656  662  665  665  665  667
    22.5-180.0 180.0   5.0 450.0                            LAT/LON1/LON2/DLON/H
  730  735  740  740  734  724  714  708  703  697  686  671  656  645  637  624
  600  566  529  502  493  501  519  535  544  548  548  543  527  500  465  433
  408  390  374  359  350  348  351  353  351  345  336  323  304  279  252  227
  211  207  220  249  288  330  367  398  428  460  493  524  553  581  609  637
  661  679  695  708  719  725  727  727  730
    20.0-180.0 180.0   5.0 450.0                            LAT/LON1/LON2/DLON/H
  796  803  810  811  805  794  783  776  771  764  751  734  716  701  687  668
  638  596  554  524  518  535  564  590  605  607  599  581  551  509  465  426
  399  379  361  345  337  340  348  352  346  332  317  302  285  263  236  209
  188  180  189  218  260  307  351  390  427  465  502  536  568  601  635  668
  696  720  741  761  778  788  791  793  796
    17.5-180.0 180.0   5.0 450.0                            LAT/LON1/LON2/DLON/H
  861  870  879  881  876  866  856  850  846  840  828  809  788  768  748  722
  683  635  587  556  553  575  609  638  650  642  620  585  539  486  435  396
  372  356  341  328  324  333  346  351  339  317  296  279  264  246  222  194
  171  160  167  196  242  294  344  390  435  478  519  556  591  627  666  703
  734  761  787  813  835  848  853  855  861
    15.0-180.0 180.0   5.0 450.0                            LAT/LON1/LON2/DLON/H
  917  929  940  944  941  932  924  919  918  915  905  887  864  840  813  780
  735  681  630  598  595  618  651  673  672  647  605  553  495  437  387  355
  340  334  327  320  321  334  351  354  336  306  277  258  246  232  211  185
  160  148  155  185  234  291  347  400  451  499  543  583  620  660  702  741
  773  801  830  860  885  900  906  910  917
    12.5-180.0 180.0   5.0 450.0                            LAT/LON1/LON2/DLON/H
  962  975  987  993  992  985  978  975  976  976  970  956  933  906  875  835
  785  728  676  644  641  660  683  689  666  617  555  491  429  374  334  316
  317  325  328  327  332  348  364  363  338  300  265  243  232  221  203  179
  155  142  149  182  234  296  358  417  472  524  571  612  652  695  739  778
  811  838  868  898  925  941  948  953  962
    10.0-180.0 180.0   5.0 450.0                            LAT/LON1/LON2/DLON/H
  993 1007 1020 1026 1026 1021 1014 1011 1012 1015 1013 1003  983  956  921  878
  825  768  717  686  679  690  696  679  630  557  479  411  356  316  294  294
  312  334  348  353  359  372  383  376  344  299  259  235  224  214  198  174
  151  138  147  182  238  305  372  435  494  549  597  639  681  726  772  812
  843  869  897  928  953  969  976  982  993
     7.5-180.0 180.0   5.0 450.0                            LAT/LON1/LON2/DLON/H
 1011 1025 1037 1044 1045 1040 1033 1027 1025 1028 1029 1022 1006  979  944  899
  845  789  741  710  699  697  684  642  567  476  392  330  294  277  278  297
  329  362  383  390  394  401  403  388  349  299  256  230  218  208  191  168
  145  133  143  181  241  313  385  451  513  568  616  659  702  749  795  836
  866  891  918  946  970  985  992  999 1011
     5.0-180.0 180.0   5.0 450.0                            LAT/LON1/LON2/DLON/H
 1017 1031 1042 1049 1051 1047 1038 1027 1020 1018 1018 1013  999  974  938  892
  838  783  736  705  688  674  642  579  487  388  309  266  257  269  292  324
  363  399  422  428  426  423  414  390  347  295  252  225  211  199  181  157
  135  123  135  175  239  315  391  460  522  578  625  668  711  757  805  845
  876  900  926  953  975  988  996 1005 1017
     2.5-180.0 180.0   5.0 450.0                            LAT/LON1/LON2/DLON/H
 1013 1025 1035 1043 1048 1047 1037 1021 1006  996  990  984  970  946  910  862
  806  749  701  668  644  619  574  500  403  310  249  233  255  293  331  367
  402  433  450  452  442  428  409  377  331  282  242  216  200  186  167  143
  120  108  120  161  228  308  387  458  521  576  622  663  705  751  798  839
  870  896  921  946  967  981  990 1000 1013
