COD0OPSRAP_20241630000_01D_01H_GIM.INX
     1.0            IONOSPHERE MAPS     GNSS                IONEX VERSION / TYPE
ADDNEQ2 V5.5        AIUB                14-JUN-24 10:06     PGM / RUN BY / DATE 
CODE'S RAPID IONOSPHERE MAPS FOR DAY 163, 2024              COMMENT             
Global ionosphere maps (GIM) are generated on a daily basis DESCRIPTION         
at CODE using data from about 120 GNSS sites of the IGS and DESCRIPTION         
other institutions. The vertical total electron content     DESCRIPTION         
(VTEC) is modeled in a solar-geomagnetic reference frame    DESCRIPTION         
using a spherical harmonics expansion up to degree and      DESCRIPTION         
order 15. Piece-wise linear functions are used for          DESCRIPTION         
representation in the time domain. The time spacing of      DESCRIPTION         
their vertices is 1 hour, conforming with the epochs of the DESCRIPTION         
VTEC maps.                                                  DESCRIPTION         
To convert line-of-sight TEC into vertical TEC, a modified  DESCRIPTION         
single-layer model mapping function approximating the JPL   DESCRIPTION         
extended slab model mapping function is adopted. The        DESCRIPTION         
mapping function is evaluated at geodetic satellite         DESCRIPTION         
elevation angles. For the computation of the ionospheric    DESCRIPTION         
pierce points, a spherical layer with a radius of 6821 km   DESCRIPTION         
is assumed, implying geocentric, not geodetic IONEX         DESCRIPTION         
latitudes.                                                  DESCRIPTION         
Instrumental biases with respect to each involved GNSS code DESCRIPTION         
observable are estimated as constant values for each        DESCRIPTION         
day. They are modeled with one set of bias parameters for   DESCRIPTION         
each satellite and each station in case of GPS and for each DESCRIPTION         
satellite-station link in case of GLONASS. The code bias    DESCRIPTION         
datum is defined by zero-mean conditions imposed on the     DESCRIPTION         
satellite bias estimates. In this file, just GPS C1W-C2W    DESCRIPTION         
satellite and station bias values are included. The         DESCRIPTION         
complete set of GNSS code bias results is provided in an    DESCRIPTION         
additional Bias-SINEX file as pseudo-absolute values        DESCRIPTION         
specific to each observable.                                DESCRIPTION         
Note: These GIM results correspond to the results for the   DESCRIPTION         
last day of a 3-day combination analysis solving for 73     DESCRIPTION         
times 256, or 18688 VTEC parameters and 3 daily sets of     DESCRIPTION         
GNSS code bias parameters.                                  DESCRIPTION         
Contact address: code(at)aiub.unibe.ch                      DESCRIPTION         
Data archive:    ftp.aiub.unibe.ch/CODE/                    DESCRIPTION         
                 www.aiub.unibe.ch/download/CODE/           DESCRIPTION         
  2024     6    11     0     0     0                        EPOCH OF FIRST MAP  
  2024     6    12     0     0     0                        EPOCH OF LAST MAP   
  3600                                                      INTERVAL            
[...]
    87.5 -87.5  -2.5                                        LAT1 / LAT2 / DLAT  
  -180.0 180.0   5.0                                        LON1 / LON2 / DLON  
    -1                                                      EXPONENT            
TEC/RMS values in 0.1 TECU; 9999, if no value available     COMMENT             
Peak TEC values for the included maps:                      COMMENT             
 886  924 1006 1049 1032  912  836  840  840  835  808  771 COMMENT             
 743  736  724  730  742  753  745  754  802  849  875  869 COMMENT             
 889                                                        COMMENT             
List of stations:                                           COMMENT             
adis albh algo alic amu2 areq ascg aspa auck bake bjfs bogo COMMENT             
bor1 braz brft brst brux cas1 ccj2 cedu chti chur cord cpvg COMMENT             
cro1 darw dav1 dgar dubo faa1 fair flin flrs frdn func ganp COMMENT             
glps glsv gode gope guam hert hnpt hob2 hofn hrao iisc ineg COMMENT             
invk iqal joz2 jplm kerg kir0 kit3 kokv kour lpal lpgs mac1 COMMENT             
mal2 mas1 mat1 mate maw1 mcm4 mizu mkea mobs mtka nano nklg COMMENT             
nnor ntus nya1 onsa opmt park pdel pert pimo pots qaq1 rabt COMMENT             
ramo reun reyk rio2 sant sch2 sofi sthl stjo str2 suth sydn COMMENT             
syog tabv tash thti thu2 tid1 tn22 tow2 ulab unb3 unbj unsa COMMENT             
urum usud vald whit wind wtzz xmis yarr yel2 ykro zim2 zimm COMMENT             
                                                            END OF HEADER       
[from data line 429]
     2                                                      START OF TEC MAP    
  2024     6    11     1     0     0                        EPOCH OF CURRENT MAP
    87.5-180.0 180.0   5.0 450.0                            LAT/LON1/LON2/DLON/H
  211  212  214  215  216  217  219  220  221  222  223  224  224  225  225  226
  226  226  226  226  225  224  224  223  222  220  219  218  216  215  213  212
  210  209  207  206  204  203  202  201  200  199  198  197  197  196  196  196
  196  196  196  196  196  196  196  197  197  197  198  199  199  200  201  201
  202  203  204  205  206  208  209  210  211
    85.0-180.0 180.0   5.0 450.0                            LAT/LON1/LON2/DLON/H
  212  214  217  219  221  224  226  228  230  233  235  237  238  240  241  242
  243  243  243  243  242  241  239  237  235  232  229  226  223  219  216  212
  209  206  203  200  197  195  193  192  190  189  188  188  187  187  187  187
  187  187  188  188  189  189  190  191  191  192  193  193  194  195  196  197
  198  199  201  202  204  206  208  210  212
    82.5-180.0 180.0   5.0 450.0                            LAT/LON1/LON2/DLON/H
  213  216  219  222  225  228  231  234  237  240  242  245  247  250  252  254
  256  257  257  257  257  255  253  250  246  242  237  231  226  220  215  209
  204  200  196  192  189  186  184  183  182  181  181  181  181  182  182  183
  184  185  186  188  189  190  191  191  192  193  193  194  194  194  195  196
  196  197  199  200  202  205  207  210  213
    80.0-180.0 180.0   5.0 450.0                            LAT/LON1/LON2/DLON/H
  215  218  222  225  229  232  235  237  240  242  245  247  250  252  255  258
  260  262  264  265  265  263  260  257  251  245  238  231  223  216  209  202
  196  191  186  183  180  178  177  176  176  176  177  178  179  180  182  184
  186  188  190  192  194  195  197  198  199  199  199  199  199  199  198  198
  198  199  200  201  203  205  208  211  215
    77.5-180.0 180.0   5.0 450.0                            LAT/LON1/LON2/DLON/H
  219  224  227  231  234  237  239  240  241  242  243  244  245  247  250  252
  256  259  261  263  264  263  260  255  249  242  233  224  215  206  198  190
  184  180  176  173  172  171  171  172  173  174  175  177  179  181  184  187
  190  193  196  199  201  204  206  208  209  210  210  209  208  207  206  205
  204  203  204  205  206  209  212  216  219
    75.0-180.0 180.0   5.0 450.0                            LAT/LON1/LON2/DLON/H
  227  232  236  240  242  244  245  244  243  241  240  238  237  237  238  240
  243  246  250  253  254  253  251  246  239  231  221  211  201  191  183  177
  172  168  166  166  166  167  168  170  172  174  176  178  180  183  186  189
  193  197  202  206  210  213  217  219  221  222  223  222  221  220  218  216
  214  213  212  212  214  216  219  223  227
    72.5-180.0 180.0   5.0 450.0                            LAT/LON1/LON2/DLON/H
  239  243  247  250  253  254  253  251  247  243  238  233  228  225  224  224
  226  229  232  236  237  237  235  230  223  214  204  193  184  175  168  163
  160  159  159  160  162  164  167  169  172  174  176  178  180  183  187  191
  196  201  206  212  217  222  226  230  234  236  237  238  237  236  233  231
  229  227  225  225  226  228  231  235  239
    70.0-180.0 180.0   5.0 450.0                            LAT/LON1/LON2/DLON/H
  253  257  260  263  264  265  263  260  254  247  240  231  223  217  212  209
  209  211  214  216  218  218  216  211  204  195  185  176  168  161  156  153
  153  153  155  158  161  164  167  169  172  173  175  177  179  182  186  191
  197  203  210  216  223  229  235  240  244  248  251  253  254  254  252  250
  248  246  244  244  244  245  247  250  253
    67.5-180.0 180.0   5.0 450.0                            LAT/LON1/LON2/DLON/H
  271  272  274  276  276  276  273  270  263  255  246  235  224  214  207  201
  198  198  199  200  201  201  198  193  186  178  170  163  156  152  150  150
  150  152  155  158  161  164  167  169  171  172  173  175  177  180  185  191
  198  206  214  221  229  235  242  248  254  259  264  268  271  272  273  272
  271  269  268  267  266  267  268  269  271
    65.0-180.0 180.0   5.0 450.0                            LAT/LON1/LON2/DLON/H
  290  290  289  288  287  285  283  279  273  265  255  244  231  220  210  202
  196  193  192  192  191  190  187  182  175  169  162  157  153  152  152  153
  154  156  158  161  163  165  167  169  170  171  172  173  175  179  185  192
  201  211  220  228  236  243  249  255  261  267  274  280  285  289  292  294
  294  294  294  293  293  292  291  291  290
    62.5-180.0 180.0   5.0 450.0                            LAT/LON1/LON2/DLON/H
  312  308  305  301  298  294  291  287  281  274  265  255  243  232  221  212
  205  199  196  193  191  188  184  179  174  168  164  161  159  160  161  163
  164  164  165  165  165  166  168  169  170  171  172  173  176  181  188  197
  208  220  230  239  246  252  257  262  267  274  281  288  295  302  307  312
  315  317  319  320  320  319  317  315  312
    60.0-180.0 180.0   5.0 450.0                            LAT/LON1/LON2/DLON/H
  335  329  323  316  310  304  299  294  288  282  274  266  256  247  238  229
  221  215  209  205  201  196  192  187  182  177  174  173  173  175  176  177
  176  174  172  170  169  169  170  172  173  174  175  177  180  186  195  207
  220  234  245  255  261  265  267  270  274  279  286  294  302  309  317  323
  329  335  339  342  344  344  342  339  335
    57.5-180.0 180.0   5.0 450.0                            LAT/LON1/LON2/DLON/H
  359  353  344  335  326  316  308  301  294  287  281  274  268  262  256  250
  244  237  230  224  218  213  208  203  198  194  191  191  192  193  194  192
  189  185  180  177  175  175  176  178  180  181  182  184  188  195  206  220
  236  251  265  274  279  281  281  281  282  286  291  297  304  312  319  327
  336  344  351  357  362  364  365  363  359
    55.0-180.0 180.0   5.0 450.0                            LAT/LON1/LON2/DLON/H
  382  378  370  359  347  334  322  311  301  292  285  280  277  275  274  271
  267  261  253  246  240  234  229  223  218  214  211  211  211  212  210  207
  201  195  189  185  183  184  186  188  190  192  193  194  198  206  218  235
  254  272  286  296  301  301  299  296  295  295  297  301  305  310  317  325
  334  344  355  364  372  378  382  383  382
    52.5-180.0 180.0   5.0 450.0                            LAT/LON1/LON2/DLON/H
  403  403  397  387  373  357  341  326  311  299  290  284  283  285  288  290
  288  283  276  268  261  255  250  244  239  234  231  229  229  228  224  219
  211  204  199  196  195  196  199  202  204  204  204  205  209  217  231  250
  271  292  308  319  324  323  320  316  312  309  308  308  308  309  313  319
  328  339  351  363  374  384  393  400  403
    50.0-180.0 180.0   5.0 450.0                            LAT/LON1/LON2/DLON/H
  421  426  424  416  403  385  366  346  327  310  297  290  289  293  299  304
  305  301  294  286  279  274  269  263  257  251  246  244  243  240  236  229
  221  215  211  210  211  213  216  218  218  217  215  214  217  226  242  263
  287  310  329  341  347  347  344  339  335  330  325  321  316  313  312  315
  322  332  345  358  371  385  399  411  421
    47.5-180.0 180.0   5.0 450.0                            LAT/LON1/LON2/DLON/H
  435  445  448  443  431  414  393  370  347  325  308  298  296  301  309  316
  319  315  308  300  293  288  284  278  271  264  259  256  254  251  246  240
  233  228  227  228  231  233  234  234  231  227  223  221  224  233  250  273
  300  325  346  360  368  370  369  366  362  356  350  341  332  324  319  319
  323  331  342  354  368  384  402  419  435
    45.0-180.0 180.0   5.0 450.0                            LAT/LON1/LON2/DLON/H
  445  459  466  464  454  438  418  395  370  345  325  312  308  312  320  327
  330  326  318  309  303  299  295  290  282  274  269  267  266  264  259  253
  248  246  247  250  253  254  252  248  242  235  228  225  227  237  256  281
  310  337  360  376  386  392  394  394  392  387  380  369  358  347  338  335
  336  340  348  358  371  387  406  426  445
    42.5-180.0 180.0   5.0 450.0                            LAT/LON1/LON2/DLON/H
  455  470  478  477  469  455  437  416  392  367  346  331  325  327  333  340
  341  336  327  318  312  309  306  301  293  285  281  281  282  281  277  272
  268  267  271  274  276  274  269  261  251  241  232  227  230  240  260  287
  317  346  371  389  402  411  418  422  423  420  413  402  390  379  369  364
  363  364  369  375  384  398  415  436  455
    40.0-180.0 180.0   5.0 450.0                            LAT/LON1/LON2/DLON/H
  468  481  486  484  477  465  450  432  411  388  368  353  346  345  350  354
  354  348  338  328  323  321  319  314  307  300  298  300  304  305  301  295
  291  291  295  298  297  292  283  271  258  246  236  230  232  244  264  292
  323  353  379  399  414  427  438  446  450  450  444  436  426  416  409  404
  403  403  403  406  411  420  434  451  468
    37.5-180.0 180.0   5.0 450.0                            LAT/LON1/LON2/DLON/H
  488  495  496  491  483  471  458  443  426  408  391  377  369  367  369  372
  371  364  353  344  338  337  336  333  327  322  321  326  332  333  328  321
  315  314  316  317  313  305  293  279  265  252  241  235  237  248  268  296
  327  358  384  405  423  438  453  464  471  472  470  464  458  454  451  451
  451  450  449  448  449  455  464  477  488
    35.0-180.0 180.0   5.0 450.0                            LAT/LON1/LON2/DLON/H
  518  519  515  506  494  482  469  455  441  427  414  403  395  391  390  391
  390  384  374  365  360  359  360  358  353  350  351  357  363  363  355  343
  335  331  331  329  322  312  299  286  272  259  248  242  242  252  271  297
  328  358  384  407  426  444  461  474  482  485  484  483  482  484  489  494
  499  500  499  497  496  498  504  512  518
    32.5-180.0 180.0   5.0 450.0                            LAT/LON1/LON2/DLON/H
  557  554  546  534  519  505  490  476  462  451  440  431  422  416  413  413
  412  408  399  391  386  386  388  388  385  382  384  389  393  388  374  358
  345  338  335  331  323  312  300  290  279  267  256  249  248  255  271  295
  323  353  379  402  423  443  461  475  483  486  487  488  493  503  515  528
  538  544  545  544  544  546  550  554  557
    30.0-180.0 180.0   5.0 450.0                            LAT/LON1/LON2/DLON/H
  602  600  592  579  564  547  529  512  496  484  475  465  454  444  438  436
  436  434  427  419  414  415  419  420  418  414  414  415  413  402  381  358
  341  332  328  322  314  305  297  291  284  274  264  255  252  256  267  286
  312  340  366  390  413  434  453  466  473  475  476  481  491  507  526  546
  563  573  579  581  584  589  595  600  602
    27.5-180.0 180.0   5.0 450.0                            LAT/LON1/LON2/DLON/H
  648  651  649  641  628  610  590  568  549  534  522  510  494  478  466  461
  461  460  454  446  441  442  447  450  448  442  436  430  420  399  371  343
  323  313  309  304  297  292  289  288  284  276  266  257  251  251  257  271
  292  318  344  370  395  418  437  450  455  456  457  463  476  497  522  548
  570  585  595  603  611  621  631  641  648
    25.0-180.0 180.0   5.0 450.0                            LAT/LON1/LON2/DLON/H
  688  701  709  711  704  690  668  644  620  601  585  568  545  521  501  491
  488  485  479  469  463  464  470  473  469  459  445  430  409  380  345  314
  293  284  281  279  275  274  276  279  278  272  262  253  245  240  240  248
  264  287  314  342  369  395  416  429  433  433  434  441  456  479  507  536
  561  580  595  608  622  638  655  672  688
    22.5-180.0 180.0   5.0 450.0                            LAT/LON1/LON2/DLON/H
  714  740  761  776  780  773  755  731  705  683  662  638  607  572  543  525
  516  509  499  486  478  478  483  486  479  462  439  413  382  345  307  275
  256  250  251  251  251  253  259  264  265  259  250  242  233  225  219  219
  230  250  277  307  338  368  391  405  410  410  413  421  437  461  489  518
  543  564  581  599  618  640  663  688  714
    20.0-180.0 180.0   5.0 450.0                            LAT/LON1/LON2/DLON/H
  723  760  795  823  840  844  835  816  792  769  745  715  675  630  590  562
  544  530  514  496  484  482  486  487  475  451  418  382  343  302  263  234
  220  218  222  225  228  232  238  244  244  239  232  225  217  206  195  188
  194  211  237  270  305  339  366  383  390  393  399  410  427  449  475  501
  525  545  563  583  605  630  658  688  723
    17.5-180.0 180.0   5.0 450.0                            LAT/LON1/LON2/DLON/H
  717  761  804  843  871  888  891  883  867  846  821  787  741  689  639  600
  572  547  522  499  483  478  479  475  458  427  385  341  298  257  222  199
  190  193  201  206  208  212  216  220  219  214  210  207  200  188  171  159
  159  173  199  234  274  313  344  365  376  385  396  412  430  450  473  495
  516  533  550  569  592  618  646  678  717
    15.0-180.0 180.0   5.0 450.0                            LAT/LON1/LON2/DLON/H
  702  745  789  831  867  895  913  918  913  900  878  843  795  737  681  632
  593  558  524  494  474  465  462  453  430  392  345  298  256  219  192  176
  173  180  188  194  195  195  195  194  191  188  188  189  185  171  151  134
  129  141  167  204  248  292  328  354  371  387  406  426  447  467  486  504
  520  534  549  567  588  611  636  665  702
    12.5-180.0 180.0   5.0 450.0                            LAT/LON1/LON2/DLON/H
  686  720  757  794  831  866  896  916  924  919  902  870  824  766  707  653
  605  559  517  482  458  446  438  423  395  352  304  258  221  194  176  167
  169  177  185  189  186  181  176  170  166  165  169  174  172  158  134  114
  108  118  144  182  229  278  319  350  374  398  425  452  477  496  513  529
  541  552  565  581  600  618  637  658  686
    10.0-180.0 180.0   5.0 450.0                            LAT/LON1/LON2/DLON/H
  680  700  721  745  774  810  847  879  897  901  889  863  821  769  713  656
  602  549  501  462  436  420  408  387  355  312  266  226  198  182  174  172
  176  183  188  188  182  171  160  150  145  147  155  164  163  147  122  101
   95  105  131  171  220  271  317  352  383  415  450  484  512  533  550  564
  575  585  596  611  628  642  654  665  680
     7.5-180.0 180.0   5.0 450.0                            LAT/LON1/LON2/DLON/H
  691  693  695  699  714  743  782  818  842  850  843  822  788  744  694  640
  583  526  475  436  409  391  374  349  315  274  234  204  188  183  183  186
  189  192  194  190  179  163  146  134  129  134  147  157  156  138  113   94
   89  101  128  168  217  270  319  359  395  434  476  515  547  570  588  603
  614  624  636  652  669  681  687  689  691
     5.0-180.0 180.0   5.0 450.0                            LAT/LON1/LON2/DLON/H
  721  707  689  673  669  686  718  751  775  782  776  758  731  697  655  605
  550  493  442  404  379  359  338  311  277  242  212  193  188  192  198  201
  201  199  196  188  174  155  135  121  118  127  142  152  148  129  105   89
   89  104  131  170  218  272  322  365  406  450  496  539  572  597  618  635
  649  661  676  695  715  728  732  729  721
     2.5-180.0 180.0   5.0 450.0                            LAT/LON1/LON2/DLON/H
  764  741  709  675  653  654  673  697  713  714  705  688  666  639  605  561
  509  453  405  370  347  327  305  277  247  220  200  192  195  205  213  213
  207  199  192  182  167  145  124  111  110  122  138  146  139  118   97   86
   92  109  136  172  218  271  322  368  413  459  507  550  583  609  632  653
  670  686  705  729  754  771  778  775  764
