COD0OPSRAP_20242160000_01D_01H_GIM.INX
     1.0            IONOSPHERE MAPS     GNSS                IONEX VERSION / TYPE
ADDNEQ2 V5.5        AIUB                04-AUG-24 08:02     PGM / RUN BY / DATE 
CODE'S RAPID IONOSPHERE MAPS FOR DAY 216, 2024              COMMENT             
Global ionosphere maps (GIM) are generated on a daily basis DESCRIPTION         
at CODE using data from about 120 GNSS sites of the IGS and DESCRIPTION         
other institutions. The vertical total electron content     DESCRIPTION         
(VTEC) is modeled in a solar-geomagnetic reference frame    DESCRIPTION         
using a spherical harmonics expansion up to degree and      DESCRIPTION         
order 15. Piece-wise linear functions are used for          DESCRIPTION         
representation in the time domain. The time spacing of      DESCRIPTION         
their vertices is 1 hour, conforming with the epochs of the DESCRIPTION         
VTEC maps.                                                  DESCRIPTION         
To convert line-of-sight TEC into vertical TEC, a modified  DESCRIPTION         
single-layer model mapping function approximating the JPL   DESCRIPTION         
extended slab model mapping function is adopted. The        DESCRIPTION         
mapping function is evaluated at geodetic satellite         DESCRIPTION         
elevation angles. For the computation of the ionospheric    DESCRIPTION         
pierce points, a spherical layer with a radius of 6821 km   DESCRIPTION         
is assumed, implying geocentric, not geodetic IONEX         DESCRIPTION         
latitudes.                                                  DESCRIPTION         
Instrumental biases with respect to each involved GNSS code DESCRIPTION         
observable are estimated as constant values for each        DESCRIPTION         
day. They are modeled with one set of bias parameters for   DESCRIPTION         
each satellite and each station in case of GPS and for each DESCRIPTION         
satellite-station link in case of GLONASS. The code bias    DESCRIPTION         
datum is defined by zero-mean conditions imposed on the     DESCRIPTION         
satellite bias estimates. In this file, just GPS C1W-C2W    DESCRIPTION         
satellite and station bias values are included. The         DESCRIPTION         
complete set of GNSS code bias results is provided in an    DESCRIPTION         
additional Bias-SINEX file as pseudo-absolute values        DESCRIPTION         
specific to each observable.                                DESCRIPTION         
Note: These GIM results correspond to the results for the   DESCRIPTION         
last day of a 3-day combination analysis solving for 73     DESCRIPTION         
times 256, or 18688 VTEC parameters and 3 daily sets of     DESCRIPTION         
GNSS code bias parameters.                                  DESCRIPTION         
Contact address: code(at)aiub.unibe.ch                      DESCRIPTION         
Data archive:    ftp.aiub.unibe.ch/CODE/                    DESCRIPTION         
                 www.aiub.unibe.ch/download/CODE/           DESCRIPTION         
  2024     8     3     0     0     0                        EPOCH OF FIRST MAP  
  2024     8     4     0     0     0                        EPOCH OF LAST MAP   
  3600                                                      INTERVAL            
[...]
    87.5 -87.5  -2.5                                        LAT1 / LAT2 / DLAT  
  -180.0 180.0   5.0                                        LON1 / LON2 / DLON  
    -1                                                      EXPONENT            
TEC/RMS values in 0.1 TECU; 9999, if no value available     COMMENT             
Peak TEC values for the included maps:                      COMMENT             
 890  878  865  852  862  877  904  939  963  924  856  822 COMMENT             
 844  852  858  847  844  831  829  835  845  869  893  916 COMMENT             
 930                                                        COMMENT             
List of stations:                                           COMMENT             
adis albh algo amu2 areq ascg aspa azgb bake barh bjfs bndy COMMENT             
bogo bor1 braz brft brst brux bshm cas1 ccj2 cedu chur cord COMMENT             
cpvg cpxf cro1 daej dgar dubo fair flin flrs frdn func ganp COMMENT             
glps glsv gode gold gope gras graz guam hers hert hnpt hofn COMMENT             
holm hrao iisc ineg invk iqal joz2 jplm kerg kir0 kit3 kour COMMENT             
lpal lpgs mal2 mas1 mat1 mate mcm4 mizu mkea mtka nano nklg COMMENT             
nnor ntus nya1 onsa park pdel pert pimo pots qaq1 rabt ramo COMMENT             
reun reyk rio2 sant sch2 scub sofi sthl stjo str2 suth syog COMMENT             
tabv tash thti thu2 tn22 tskb ulab unb3 unbj unsa urum usud COMMENT             
vald whit wind wtzz xmis yel2 yell ykro zim2 zimm           COMMENT             
                                                            END OF HEADER       
[from data line 6435]
    16                                                      START OF TEC MAP    
  2024     8     3    15     0     0                        EPOCH OF CURRENT MAP
    87.5-180.0 180.0   5.0 450.0                            LAT/LON1/LON2/DLON/H
  212  214  216  217  219  221  222  224  225  227  228  229  230  231  231  232
  232  232  232  232  231  230  230  229  227  226  225  223  222  220  219  217
  216  214  213  212  210  209  208  207  205  205  204  203  202  202  201  200
  200  200  199  199  199  199  199  199  199  199  199  200  200  200  201  202
  202  203  204  205  206  208  209  211  212
    85.0-180.0 180.0   5.0 450.0                            LAT/LON1/LON2/DLON/H
  201  205  208  212  216  219  223  227  230  233  236  239  241  243  244  245
  245  245  245  244  243  241  239  236  234  231  228  225  222  219  216  213
  210  208  205  202  200  198  196  194  193  192  191  190  190  189  189  189
  189  189  189  189  188  188  188  188  187  187  187  186  186  186  186  186
  186  187  188  189  191  193  196  198  201
    82.5-180.0 180.0   5.0 450.0                            LAT/LON1/LON2/DLON/H
  185  190  195  200  206  211  217  223  228  233  238  242  245  248  250  251
  252  252  251  250  248  245  242  238  235  231  227  222  218  214  210  206
  203  199  196  193  190  187  185  183  182  181  180  180  180  181  181  183
  184  185  186  186  187  187  186  185  184  183  181  179  177  175  174  173
  172  171  171  172  173  175  178  181  185
    80.0-180.0 180.0   5.0 450.0                            LAT/LON1/LON2/DLON/H
  169  173  179  185  192  199  206  213  220  226  232  237  242  245  248  250
  251  251  250  249  246  243  240  236  231  227  222  218  214  210  205  202
  198  194  191  187  184  181  178  176  174  173  173  174  175  177  180  183
  186  189  191  193  194  195  194  193  191  188  185  181  177  173  169  165
  162  160  158  158  158  159  161  164  169
    77.5-180.0 180.0   5.0 450.0                            LAT/LON1/LON2/DLON/H
  156  160  165  172  178  186  193  200  207  214  220  226  231  235  239  241
  243  244  244  243  241  238  235  232  228  224  220  216  212  209  206  203
  200  196  193  189  186  182  178  175  173  172  172  174  176  180  184  189
  195  200  204  207  210  211  210  208  205  201  196  190  184  178  172  166
  161  157  153  151  149  149  150  152  156
    75.0-180.0 180.0   5.0 450.0                            LAT/LON1/LON2/DLON/H
  150  153  157  163  169  175  182  189  195  201  207  212  216  220  224  227
  230  232  234  234  234  233  231  229  226  224  221  219  217  215  213  212
  210  207  204  200  196  191  186  182  179  177  177  178  182  187  193  200
  208  215  221  225  228  229  228  226  222  217  210  203  196  189  181  174
  167  162  157  153  150  148  147  148  150
    72.5-180.0 180.0   5.0 450.0                            LAT/LON1/LON2/DLON/H
  151  153  156  160  165  171  176  181  186  190  194  198  201  205  208  212
  215  219  222  225  227  229  229  229  229  228  227  227  226  227  227  227
  227  225  222  218  213  207  201  195  190  187  186  187  191  197  205  213
  222  230  236  241  244  245  243  240  235  229  222  215  207  199  192  184
  178  171  166  161  157  154  152  151  151
    70.0-180.0 180.0   5.0 450.0                            LAT/LON1/LON2/DLON/H
  158  159  161  164  168  172  176  180  183  185  186  188  189  191  193  197
  201  207  212  218  223  227  230  232  234  235  237  238  240  242  244  246
  247  246  244  239  233  226  218  211  204  200  198  199  203  209  217  226
  235  242  248  252  253  252  250  245  240  233  226  219  212  205  199  193
  187  182  177  172  167  164  161  159  158
    67.5-180.0 180.0   5.0 450.0                            LAT/LON1/LON2/DLON/H
  165  166  167  170  174  178  182  184  186  186  184  183  181  181  183  186
  191  197  204  212  219  226  232  237  241  244  247  250  254  258  261  264
  266  266  264  259  253  245  236  228  221  215  213  213  217  223  230  238
  245  250  254  255  254  251  246  240  234  227  220  214  208  203  198  194
  191  187  184  180  176  172  169  167  165
    65.0-180.0 180.0   5.0 450.0                            LAT/LON1/LON2/DLON/H
  169  170  172  176  180  185  189  192  192  191  188  184  180  177  177  179
  184  191  199  208  217  226  233  240  246  251  256  260  265  270  274  278
  280  281  279  274  268  260  252  244  237  232  229  229  232  236  242  247
  251  254  254  252  247  241  234  227  220  213  207  201  197  193  190  188
  186  185  183  181  179  176  173  171  169
    62.5-180.0 180.0   5.0 450.0                            LAT/LON1/LON2/DLON/H
  167  169  172  177  183  190  195  199  200  198  194  188  182  178  177  179
  183  190  198  207  216  225  233  241  248  254  260  266  272  277  282  286
  289  289  287  283  278  271  264  257  252  247  245  245  246  249  252  255
  256  255  252  246  238  230  221  212  205  198  192  186  182  179  177  176
  176  176  176  175  174  172  169  168  167
    60.0-180.0 180.0   5.0 450.0                            LAT/LON1/LON2/DLON/H
  159  162  166  172  180  189  197  203  205  204  200  193  187  183  181  183
  187  193  200  208  215  223  231  239  246  254  261  268  274  281  286  290
  292  292  291  287  282  277  273  268  265  263  261  261  261  262  262  262
  260  256  249  241  232  222  212  203  195  188  182  176  171  166  164  162
  162  163  163  163  163  161  160  159  159
    57.5-180.0 180.0   5.0 450.0                            LAT/LON1/LON2/DLON/H
  148  151  156  163  172  182  193  201  206  206  203  197  192  188  188  191
  196  201  207  212  217  222  228  235  242  250  258  266  274  281  287  292
  294  294  291  288  285  281  279  278  277  277  276  276  275  274  272  269
  264  258  251  242  232  222  213  204  197  190  183  176  169  162  157  154
  152  151  151  151  150  149  147  147  148
    55.0-180.0 180.0   5.0 450.0                            LAT/LON1/LON2/DLON/H
  137  140  144  151  160  171  183  194  202  204  202  198  194  193  196  201
  208  213  217  219  220  223  226  232  239  247  256  265  275  283  290  295
  297  296  294  291  288  286  286  287  289  290  291  290  288  285  281  276
  270  264  257  249  241  232  225  218  212  205  198  189  180  170  162  155
  150  147  145  143  141  139  137  137  137
    52.5-180.0 180.0   5.0 450.0                            LAT/LON1/LON2/DLON/H
  132  134  136  141  149  160  172  185  195  200  200  197  195  197  203  212
  221  227  229  229  227  226  227  231  238  246  256  267  278  288  296  302
  304  303  301  297  295  294  296  298  302  304  304  303  300  295  289  283
  278  272  267  261  256  250  245  240  236  230  223  214  202  190  179  169
  160  154  148  144  140  136  134  132  132
    50.0-180.0 180.0   5.0 450.0                            LAT/LON1/LON2/DLON/H
  135  135  135  137  142  151  164  178  189  196  198  196  196  200  209  222
  233  241  243  241  237  233  233  235  242  251  262  274  287  298  307  314
  317  317  314  311  308  308  309  313  316  319  319  316  312  306  299  292
  286  281  278  275  272  270  267  264  262  258  252  243  232  219  205  192
  181  171  162  155  148  143  139  137  135
    47.5-180.0 180.0   5.0 450.0                            LAT/LON1/LON2/DLON/H
  146  144  141  140  141  148  160  175  189  197  200  199  199  204  216  231
  245  253  256  253  248  244  242  245  251  261  273  287  301  313  324  331
  335  336  334  331  329  328  329  332  335  336  335  331  325  318  309  301
  294  290  288  287  286  285  284  283  282  280  276  270  261  249  235  222
  208  196  185  174  165  158  153  149  146
    45.0-180.0 180.0   5.0 450.0                            LAT/LON1/LON2/DLON/H
  163  158  154  149  148  152  164  180  195  206  209  208  207  212  224  240
  255  264  267  265  260  257  256  259  265  276  290  304  319  332  343  352
  358  361  361  359  356  355  356  358  359  358  354  349  342  333  322  312
  303  297  295  294  294  294  293  291  291  291  290  288  282  274  263  250
  237  223  210  198  188  179  172  167  163
    42.5-180.0 180.0   5.0 450.0                            LAT/LON1/LON2/DLON/H
  180  175  169  162  159  162  173  191  209  221  226  224  222  225  235  250
  265  275  278  277  274  272  272  276  283  295  310  325  340  353  365  375
  383  389  392  392  390  389  389  390  388  385  379  372  363  352  339  325
  313  305  300  298  297  295  293  290  290  291  293  294  294  290  283  273
  260  247  234  221  210  200  192  186  180
    40.0-180.0 180.0   5.0 450.0                            LAT/LON1/LON2/DLON/H
  196  190  183  176  172  174  186  205  226  242  248  247  244  245  252  265
  278  286  290  290  289  289  291  295  303  316  331  348  362  375  387  399
  410  420  427  429  429  429  429  428  424  418  409  399  388  376  361  344
  328  315  306  302  299  295  291  286  284  285  288  293  296  297  294  287
  276  264  252  240  229  218  209  202  196
    37.5-180.0 180.0   5.0 450.0                            LAT/LON1/LON2/DLON/H
  206  200  194  187  183  185  197  218  242  262  273  274  271  271  276  286
  296  302  306  307  308  309  312  316  324  338  354  371  386  398  410  424
  439  454  465  470  472  473  473  471  465  456  444  431  419  405  388  369
  348  331  319  313  308  302  295  288  284  283  286  291  297  300  298  293
  284  273  262  252  242  232  222  213  206
    35.0-180.0 180.0   5.0 450.0                            LAT/LON1/LON2/DLON/H
  212  206  200  194  190  191  203  225  253  278  294  300  300  300  305  312
  320  325  328  330  332  334  336  339  346  360  378  396  411  423  436  452
  472  491  505  513  517  518  519  516  509  496  481  467  453  439  422  400
  377  357  343  335  329  324  315  306  299  295  295  299  302  304  302  296
  286  276  266  258  250  241  231  221  212
    32.5-180.0 180.0   5.0 450.0                            LAT/LON1/LON2/DLON/H
  216  209  203  198  193  193  203  225  255  285  307  320  326  330  337  344
  351  356  359  362  364  364  363  364  370  383  402  422  438  452  466  486
  509  533  550  559  562  564  564  561  552  537  519  503  489  476  459  438
  414  393  378  370  366  362  354  344  334  327  323  321  320  316  310  300
  288  277  268  262  257  249  238  226  216
    30.0-180.0 180.0   5.0 450.0                            LAT/LON1/LON2/DLON/H
  222  213  207  201  195  192  199  218  248  281  311  332  346  357  368  378
  386  392  396  399  401  399  395  392  396  409  430  452  470  485  502  525
  553  579  597  604  606  606  605  602  592  575  556  539  525  514  500  481
  457  435  420  414  414  413  408  398  387  377  368  360  350  339  326  310
  294  280  271  267  264  258  247  234  222
    27.5-180.0 180.0   5.0 450.0                            LAT/LON1/LON2/DLON/H
  232  221  213  206  197  190  191  206  234  269  304  333  357  376  394  409
  421  430  436  440  441  437  429  423  425  439  461  485  505  523  543  570
  601  629  645  649  647  644  641  637  627  610  590  573  561  553  541  524
  500  478  463  459  462  466  464  457  446  434  422  407  390  371  349  326
  304  287  277  274  273  269  260  246  232
    25.0-180.0 180.0   5.0 450.0                            LAT/LON1/LON2/DLON/H
  248  235  224  214  202  191  186  194  217  252  290  326  358  386  412  434
  450  463  472  478  479  474  464  456  458  473  498  523  546  566  589  620
  653  680  693  692  684  676  672  667  657  641  622  606  597  590  581  563
  539  514  497  493  499  505  507  503  494  484  470  453  430  403  374  344
  318  297  286  284  285  283  276  262  248
    22.5-180.0 180.0   5.0 450.0                            LAT/LON1/LON2/DLON/H
  267  252  240  227  212  195  184  185  202  234  273  314  352  387  419  447
  469  487  500  508  511  506  497  490  494  512  538  565  589  611  638  671
  705  729  737  730  716  704  698  692  683  669  652  639  631  626  616  596
  566  535  513  506  510  518  522  521  516  509  498  482  457  427  394  360
  331  308  296  293  296  298  293  282  267
    20.0-180.0 180.0   5.0 450.0                            LAT/LON1/LON2/DLON/H
  286  271  256  241  223  203  186  181  193  221  259  300  341  380  417  449
  476  497  514  527  533  531  526  524  532  553  582  610  634  657  685  719
  752  773  775  762  744  729  721  716  708  696  683  672  665  658  645  618
  579  537  506  492  492  498  501  501  500  499  495  483  463  434  401  368
  338  315  302  300  305  309  308  300  286
    17.5-180.0 180.0   5.0 450.0                            LAT/LON1/LON2/DLON/H
  300  285  269  252  233  211  192  183  190  214  248  288  328  368  406  441
  470  495  515  532  542  547  549  555  571  597  627  655  678  701  729  761
  791  807  805  788  768  753  745  740  734  725  715  706  698  687  666  628
  576  521  477  453  446  447  447  446  448  453  458  455  442  420  392  364
  337  316  303  301  306  314  317  312  300
    15.0-180.0 180.0   5.0 450.0                            LAT/LON1/LON2/DLON/H
  306  291  274  256  237  216  197  187  192  212  243  280  317  355  392  426
  456  482  505  526  542  555  567  584  609  640  672  698  719  739  765  795
  820  831  825  808  790  777  770  766  761  754  746  737  727  710  679  629
  562  492  434  400  386  380  375  371  374  384  397  404  400  387  368  347
  326  309  298  296  301  310  316  315  306
    12.5-180.0 180.0   5.0 450.0                            LAT/LON1/LON2/DLON/H
  301  287  269  252  234  215  198  189  194  213  242  275  309  344  378  410
  439  465  490  514  537  559  582  610  644  681  713  737  755  772  793  818
  837  843  836  821  808  801  797  793  788  781  773  763  749  726  685  622
  542  459  392  350  330  318  307  298  299  311  329  343  347  343  334  322
  309  296  287  285  290  299  307  308  301
    10.0-180.0 180.0   5.0 450.0                            LAT/LON1/LON2/DLON/H
  287  272  255  238  222  206  192  186  192  212  241  273  305  336  367  397
  424  450  476  503  531  561  595  634  676  716  748  769  783  795  812  830
  842  844  837  828  823  822  822  818  810  801  791  779  761  731  682  611
  523  435  364  320  298  282  266  252  247  257  274  290  299  301  299  295
  289  282  275  272  275  283  290  293  287
     7.5-180.0 180.0   5.0 450.0                            LAT/LON1/LON2/DLON/H
  266  251  234  217  203  189  179  175  185  208  239  271  303  333  362  391
  417  442  468  498  531  568  609  655  702  744  774  792  801  809  820  831
  836  834  829  827  831  838  840  835  824  811  797  781  760  726  674  600
  512  426  361  322  304  289  270  249  238  241  252  263  269  271  272  273
  272  269  264  261  261  265  271  272  266
     5.0-180.0 180.0   5.0 450.0                            LAT/LON1/LON2/DLON/H
  242  227  209  193  180  169  160  159  171  197  232  268  301  333  363  392
  418  444  471  502  538  579  624  673  721  761  788  802  808  812  818  821
  821  816  813  818  830  843  847  840  823  804  786  767  743  709  659  591
  511  437  384  359  349  340  320  296  278  270  269  268  264  260  259  260
  261  260  257  253  250  250  251  250  242
     2.5-180.0 180.0   5.0 450.0                            LAT/LON1/LON2/DLON/H
  219  203  185  170  159  149  141  140  154  183  221  262  300  335  368  399
  428  455  483  516  553  595  641  687  731  766  788  798  801  803  804  803
  797  790  789  799  818  834  838  827  805  781  758  736  713  683  640  583
  519  463  429  421  424  423  407  381  356  336  320  302  284  270  261  258
  257  256  253  248  242  237  234  229  219
