COD0OPSRAP_20241630000_01D_01H_GIM.INX
     1.0            IONOSPHERE MAPS     GNSS                IONEX VERSION / TYPE
ADDNEQ2 V5.5        AIUB                14-JUN-24 10:06     PGM / RUN BY / DATE 
CODE'S RAPID IONOSPHERE MAPS FOR DAY 163, 2024              COMMENT             
Global ionosphere maps (GIM) are generated on a daily basis DESCRIPTION         
at CODE using data from about 120 GNSS sites of the IGS and DESCRIPTION         
other institutions. The vertical total electron content     DESCRIPTION         
(VTEC) is modeled in a solar-geomagnetic reference frame    DESCRIPTION         
using a spherical harmonics expansion up to degree and      DESCRIPTION         
order 15. Piece-wise linear functions are used for          DESCRIPTION         
representation in the time domain. The time spacing of      DESCRIPTION         
their vertices is 1 hour, conforming with the epochs of the DESCRIPTION         
VTEC maps.                                                  DESCRIPTION         
To convert line-of-sight TEC into vertical TEC, a modified  DESCRIPTION         
single-layer model mapping function approximating the JPL   DESCRIPTION         
extended slab model mapping function is adopted. The        DESCRIPTION         
mapping function is evaluated at geodetic satellite         DESCRIPTION         
elevation angles. For the computation of the ionospheric    DESCRIPTION         
pierce points, a spherical layer with a radius of 6821 km   DESCRIPTION         
is assumed, implying geocentric, not geodetic IONEX         DESCRIPTION         
latitudes.                                                  DESCRIPTION         
Instrumental biases with respect to each involved GNSS code DESCRIPTION         
observable are estimated as constant values for each        DESCRIPTION         
day. They are modeled with one set of bias parameters for   DESCRIPTION         
each satellite and each station in case of GPS and for each DESCRIPTION         
satellite-station link in case of GLONASS. The code bias    DESCRIPTION         
datum is defined by zero-mean conditions imposed on the     DESCRIPTION         
satellite bias estimates. In this file, just GPS C1W-C2W    DESCRIPTION         
satellite and station bias values are included. The         DESCRIPTION         
complete set of GNSS code bias results is provided in an    DESCRIPTION         
additional Bias-SINEX file as pseudo-absolute values        DESCRIPTION         
specific to each observable.                                DESCRIPTION         
Note: These GIM results correspond to the results for the   DESCRIPTION         
last day of a 3-day combination analysis solving for 73     DESCRIPTION         
times 256, or 18688 VTEC parameters and 3 daily sets of     DESCRIPTION         
GNSS code bias parameters.                                  DESCRIPTION         
Contact address: code(at)aiub.unibe.ch                      DESCRIPTION         
Data archive:    ftp.aiub.unibe.ch/CODE/                    DESCRIPTION         
                 www.aiub.unibe.ch/download/CODE/           DESCRIPTION         
  2024     6    11     0     0     0                        EPOCH OF FIRST MAP  
  2024     6    12     0     0     0                        EPOCH OF LAST MAP   
  3600                                                      INTERVAL            
[...]
    87.5 -87.5  -2.5                                        LAT1 / LAT2 / DLAT  
  -180.0 180.0   5.0                                        LON1 / LON2 / DLON  
    -1                                                      EXPONENT            
TEC/RMS values in 0.1 TECU; 9999, if no value available     COMMENT             
Peak TEC values for the included maps:                      COMMENT             
 886  924 1006 1049 1032  912  836  840  840  835  808  771 COMMENT             
 743  736  724  730  742  753  745  754  802  849  875  869 COMMENT             
 889                                                        COMMENT             
List of stations:                                           COMMENT             
adis albh algo alic amu2 areq ascg aspa auck bake bjfs bogo COMMENT             
bor1 braz brft brst brux cas1 ccj2 cedu chti chur cord cpvg COMMENT             
cro1 darw dav1 dgar dubo faa1 fair flin flrs frdn func ganp COMMENT             
glps glsv gode gope guam hert hnpt hob2 hofn hrao iisc ineg COMMENT             
invk iqal joz2 jplm kerg kir0 kit3 kokv kour lpal lpgs mac1 COMMENT             
mal2 mas1 mat1 mate maw1 mcm4 mizu mkea mobs mtka nano nklg COMMENT             
nnor ntus nya1 onsa opmt park pdel pert pimo pots qaq1 rabt COMMENT             
ramo reun reyk rio2 sant sch2 sofi sthl stjo str2 suth sydn COMMENT             
syog tabv tash thti thu2 tid1 tn22 tow2 ulab unb3 unbj unsa COMMENT             
urum usud vald whit wind wtzz xmis yarr yel2 ykro zim2 zimm COMMENT             
                                                            END OF HEADER       
[from data line 858]
     3                                                      START OF TEC MAP    
  2024     6    11     2     0     0                        EPOCH OF CURRENT MAP
    87.5-180.0 180.0   5.0 450.0                            LAT/LON1/LON2/DLON/H
  218  219  220  221  222  223  224  225  225  226  227  227  228  228  229  229
  229  229  229  228  228  227  226  225  224  223  221  220  219  217  215  214
  212  211  210  208  207  206  205  204  203  203  202  202  201  201  201  201
  201  201  201  201  201  202  202  203  203  204  205  205  206  207  208  209
  210  211  212  213  214  215  216  217  218
    85.0-180.0 180.0   5.0 450.0                            LAT/LON1/LON2/DLON/H
  220  221  223  224  226  227  229  230  232  233  235  237  238  240  241  242
  243  244  244  244  243  242  240  238  235  232  229  225  222  218  214  211
  207  204  202  199  197  195  193  192  191  190  190  190  189  189  190  190
  190  191  191  192  192  193  194  195  196  197  198  199  200  202  203  205
  206  208  210  211  213  215  216  218  220
    82.5-180.0 180.0   5.0 450.0                            LAT/LON1/LON2/DLON/H
  222  223  224  226  227  228  229  230  232  234  237  239  243  246  249  252
  255  257  259  259  259  257  255  251  246  241  235  229  222  216  210  204
  199  194  191  187  185  183  182  181  180  180  180  181  181  182  183  184
  184  185  186  187  188  189  189  190  191  192  193  195  196  198  200  202
  204  206  209  211  214  216  218  220  222
    80.0-180.0 180.0   5.0 450.0                            LAT/LON1/LON2/DLON/H
  227  228  228  228  228  227  227  227  228  229  232  235  239  245  250  256
  262  267  270  273  273  272  268  263  256  247  238  229  219  210  201  194
  188  183  179  176  174  173  173  173  173  174  175  176  178  179  181  182
  183  185  186  187  188  189  190  190  191  192  193  194  195  197  199  202
  205  208  211  214  217  220  223  225  227
    77.5-180.0 180.0   5.0 450.0                            LAT/LON1/LON2/DLON/H
  236  236  235  234  231  228  225  223  221  221  222  225  230  236  244  253
  262  270  276  281  282  281  277  270  260  249  237  224  212  200  190  182
  176  171  168  166  166  166  167  169  170  172  174  176  178  180  182  184
  186  188  190  191  193  194  195  195  196  197  197  198  199  201  203  206
  209  212  216  221  225  229  232  234  236
    75.0-180.0 180.0   5.0 450.0                            LAT/LON1/LON2/DLON/H
  249  249  248  244  239  234  227  221  216  213  211  212  217  223  232  243
  254  265  274  280  283  283  278  269  258  244  229  214  200  188  178  170
  164  161  160  161  162  164  166  169  171  173  175  177  179  182  184  187
  190  193  196  198  201  203  204  205  206  207  207  208  209  210  212  214
  218  222  226  231  236  241  245  248  249
    72.5-180.0 180.0   5.0 450.0                            LAT/LON1/LON2/DLON/H
  266  266  264  259  252  244  235  226  217  209  204  202  204  209  217  228
  240  252  263  271  275  274  269  260  247  232  216  201  187  175  166  160
  156  155  156  159  162  165  168  171  173  175  177  179  181  184  187  190
  195  199  203  207  211  214  217  219  220  222  222  223  224  225  227  229
  232  236  241  246  251  256  261  264  266
    70.0-180.0 180.0   5.0 450.0                            LAT/LON1/LON2/DLON/H
  284  284  281  276  269  259  248  236  224  212  203  197  195  197  203  212
  223  234  245  253  257  256  251  241  229  214  199  185  173  163  156  153
  152  153  156  159  163  167  171  173  175  177  178  180  182  185  189  194
  199  205  211  217  222  227  231  235  237  240  242  243  245  246  248  250
  252  255  259  264  269  274  278  282  284
    67.5-180.0 180.0   5.0 450.0                            LAT/LON1/LON2/DLON/H
  301  300  298  293  285  276  264  251  236  222  210  200  193  191  193  198
  205  214  222  228  231  230  225  217  206  193  181  170  161  155  151  150
  151  154  157  161  165  169  172  174  176  177  179  181  183  187  192  198
  205  212  219  227  233  239  245  250  254  258  262  265  268  270  272  274
  276  278  281  284  288  292  296  299  301
    65.0-180.0 180.0   5.0 450.0                            LAT/LON1/LON2/DLON/H
  316  314  311  306  299  291  280  267  252  237  222  209  199  192  189  190
  192  196  200  203  204  202  198  191  183  174  166  160  155  153  152  152
  154  156  159  162  165  168  171  173  175  177  179  182  186  191  197  205
  213  221  229  237  244  251  257  263  269  275  280  285  290  294  297  299
  301  302  303  305  308  311  313  315  316
    62.5-180.0 180.0   5.0 450.0                            LAT/LON1/LON2/DLON/H
  329  326  322  316  310  302  293  282  268  253  238  224  212  202  195  190
  187  185  184  183  181  178  174  169  165  160  157  156  155  156  157  157
  158  159  159  161  163  165  168  171  174  177  181  186  191  198  207  216
  224  233  241  249  255  262  268  274  280  287  293  300  307  313  318  321
  323  324  324  325  327  328  330  330  329
    60.0-180.0 180.0   5.0 450.0                            LAT/LON1/LON2/DLON/H
  342  337  331  324  317  310  303  293  282  268  254  240  228  218  209  200
  192  185  178  172  167  163  159  157  155  155  156  158  161  163  165  164
  163  161  159  158  159  162  166  170  175  180  186  193  201  211  221  231
  241  250  257  263  268  273  278  283  288  294  301  309  317  324  331  336
  339  341  341  342  344  345  346  345  342
    57.5-180.0 180.0   5.0 450.0                            LAT/LON1/LON2/DLON/H
  357  349  340  331  323  317  310  302  292  280  267  256  246  238  229  219
  208  196  184  174  166  160  157  156  157  159  163  168  172  174  174  171
  167  162  158  156  157  161  166  172  178  186  194  203  214  227  239  252
  262  270  277  281  284  287  289  292  295  298  304  310  318  327  336  343
  348  351  353  355  358  360  362  361  357
    55.0-180.0 180.0   5.0 450.0                            LAT/LON1/LON2/DLON/H
  373  363  352  341  331  324  317  309  300  289  278  270  264  259  253  244
  231  216  201  188  178  172  168  167  168  171  176  181  184  185  183  178
  171  164  159  157  159  163  170  177  185  194  203  215  229  245  261  275
  287  295  300  303  305  305  305  304  303  303  305  309  315  324  333  342
  348  354  358  362  368  374  377  377  373
    52.5-180.0 180.0   5.0 450.0                            LAT/LON1/LON2/DLON/H
  390  380  367  354  343  335  327  319  308  297  287  281  280  280  278  271
  259  243  226  212  201  194  190  188  188  189  192  195  197  196  191  184
  176  169  164  163  166  172  179  186  194  202  213  226  243  262  282  299
  313  322  327  330  330  329  326  322  318  313  309  308  311  318  327  336
  344  351  358  366  375  384  391  394  390
    50.0-180.0 180.0   5.0 450.0                            LAT/LON1/LON2/DLON/H
  407  397  383  369  358  349  341  331  319  306  297  293  295  299  302  298
  287  271  255  241  230  223  218  214  211  209  209  210  209  205  199  192
  184  178  175  176  180  186  192  198  204  210  220  234  254  277  300  321
  338  349  355  358  359  358  354  348  339  329  320  314  313  316  323  331
  340  348  356  366  379  392  404  409  407
    47.5-180.0 180.0   5.0 450.0                            LAT/LON1/LON2/DLON/H
  421  413  399  385  374  366  357  347  333  319  308  305  309  317  323  322
  312  297  282  269  261  255  248  241  235  229  226  223  220  215  209  202
  196  193  192  195  199  203  207  210  212  216  224  239  260  287  315  340
  359  373  381  387  390  390  387  380  368  355  342  330  324  323  326  333
  341  348  357  368  383  399  414  422  421
    45.0-180.0 180.0   5.0 450.0                            LAT/LON1/LON2/DLON/H
  433  425  413  400  389  381  374  363  349  334  322  318  324  334  341  341
  331  317  304  294  288  283  276  267  257  248  242  238  233  228  222  216
  213  212  214  217  221  222  222  220  218  219  225  240  263  293  325  354
  377  393  404  413  419  422  421  414  403  388  372  358  347  342  343  346
  352  357  364  375  390  407  423  433  433
    42.5-180.0 180.0   5.0 450.0                            LAT/LON1/LON2/DLON/H
  443  435  423  411  401  394  387  377  364  350  338  334  339  348  356  355
  345  331  320  314  311  308  301  290  277  267  260  255  250  245  240  236
  235  236  238  241  241  239  234  227  221  219  224  239  264  297  331  363
  389  408  422  433  443  450  451  447  437  424  409  394  383  375  372  373
  375  378  382  390  404  420  435  443  443
    40.0-180.0 180.0   5.0 450.0                            LAT/LON1/LON2/DLON/H
  455  446  434  421  411  402  396  388  377  364  353  349  353  362  368  365
  354  341  331  328  329  328  321  310  298  288  281  277  273  269  264  260
  259  260  261  261  258  252  243  232  223  219  223  239  264  298  335  369
  396  416  433  447  460  470  475  473  467  457  447  435  425  418  414  412
  412  411  412  417  427  440  452  457  455
    37.5-180.0 180.0   5.0 450.0                            LAT/LON1/LON2/DLON/H
  474  464  450  436  423  411  402  395  386  377  368  365  368  375  378  374
  362  348  340  340  343  345  340  331  320  312  308  305  302  297  291  285
  282  281  279  276  269  260  248  235  225  221  225  240  266  300  337  371
  398  419  437  453  469  481  488  489  487  483  479  474  469  464  461  459
  456  454  452  454  460  470  477  479  474
    35.0-180.0 180.0   5.0 450.0                            LAT/LON1/LON2/DLON/H
  504  493  480  464  446  428  414  404  397  390  384  381  382  387  389  383
  370  357  350  352  357  362  360  353  346  342  340  338  334  326  317  308
  301  295  289  283  274  263  250  238  228  224  229  243  267  300  336  369
  395  416  434  452  469  483  491  494  495  497  501  505  506  507  506  505
  503  500  497  498  503  509  513  512  504
    32.5-180.0 180.0   5.0 450.0                            LAT/LON1/LON2/DLON/H
  548  539  527  510  487  461  439  424  416  410  404  400  399  402  402  396
  383  370  363  366  374  380  382  380  377  375  374  371  364  353  338  324
  310  300  290  281  272  262  251  240  233  230  233  246  268  298  331  362
  388  409  427  445  463  476  484  487  491  499  510  522  532  538  542  545
  545  543  542  543  549  555  558  555  548
    30.0-180.0 180.0   5.0 450.0                            LAT/LON1/LON2/DLON/H
  604  601  595  580  554  519  487  464  451  443  434  427  422  421  420  412
  399  387  381  383  392  401  406  409  409  408  406  400  388  370  349  328
  309  293  282  273  265  258  251  243  237  234  237  247  265  291  321  351
  376  397  415  434  451  464  470  473  478  489  506  525  542  555  564  571
  575  577  579  584  592  602  607  607  604
    27.5-180.0 180.0   5.0 450.0                            LAT/LON1/LON2/DLON/H
  666  674  678  670  644  604  562  530  509  495  480  465  454  448  443  434
  421  408  401  403  412  423  432  437  440  438  431  418  399  374  347  320
  296  277  265  259  255  253  249  244  239  236  236  242  256  278  305  334
  360  381  401  420  437  448  454  455  460  472  492  515  537  555  570  582
  591  597  603  613  628  643  654  660  666
    25.0-180.0 180.0   5.0 450.0                            LAT/LON1/LON2/DLON/H
  724  746  765  770  750  709  661  620  591  568  544  519  498  484  473  461
  446  431  422  423  431  443  454  462  464  458  444  422  395  363  330  299
  273  254  244  241  243  246  245  241  236  231  229  232  241  258  283  311
  338  362  383  403  421  432  437  438  443  455  475  499  523  544  564  580
  593  603  614  630  650  672  691  706  724
    22.5-180.0 180.0   5.0 450.0                            LAT/LON1/LON2/DLON/H
  768  805  842  864  856  821  772  727  691  658  623  586  553  529  510  492
  472  453  442  440  446  459  471  479  478  464  440  409  374  338  302  269
  243  226  220  223  230  236  238  234  228  221  217  215  220  234  256  285
  314  340  364  385  404  417  423  426  431  442  460  483  506  529  550  569
  585  599  613  633  659  687  713  738  768
    20.0-180.0 180.0   5.0 450.0                            LAT/LON1/LON2/DLON/H
  789  839  893  933  943  920  878  833  792  752  708  659  615  579  549  522
  495  472  456  452  457  468  480  485  477  455  421  381  342  303  267  235
  211  198  197  204  216  224  226  221  213  205  199  196  197  207  227  255
  286  316  343  367  387  402  413  420  428  440  455  474  494  516  538  558
  575  590  607  628  657  688  719  751  789
    17.5-180.0 180.0   5.0 450.0                            LAT/LON1/LON2/DLON/H
  786  842  907  963  992  986  957  918  878  835  784  728  674  627  586  548
  513  484  465  457  460  468  477  477  462  430  387  343  301  264  231  203
  183  174  177  187  200  208  208  203  194  187  181  176  175  181  199  226
  259  292  321  348  371  390  407  422  436  450  463  478  495  514  535  554
  571  586  602  623  650  681  713  745  786
    15.0-180.0 180.0   5.0 450.0                            LAT/LON1/LON2/DLON/H
  763  815  882  948  992 1006  992  965  930  889  837  778  719  664  614  565
  522  488  466  456  455  460  463  456  432  393  345  299  261  229  201  178
  162  157  162  172  183  188  187  181  174  168  164  160  156  159  173  199
  233  268  301  330  356  381  406  431  453  472  485  497  511  527  546  564
  579  593  606  624  648  674  701  727  763
    12.5-180.0 180.0   5.0 450.0                            LAT/LON1/LON2/DLON/H
  729  768  826  891  945  974  977  962  937  901  854  798  740  682  625  569
  519  482  458  447  444  443  439  424  393  348  299  257  225  201  180  162
  150  147  151  159  165  166  163  157  154  153  152  148  143  142  152  175
  209  247  284  316  345  375  409  445  479  504  519  530  541  556  572  588
  601  613  624  638  656  675  692  708  729
    10.0-180.0 180.0   5.0 450.0                            LAT/LON1/LON2/DLON/H
  698  714  753  809  863  901  916  912  896  869  831  784  732  675  615  555
  503  465  443  431  425  418  406  384  347  301  256  221  199  184  169  155
  146  143  145  148  147  143  138  135  136  141  143  141  134  129  136  156
  190  231  270  306  338  374  416  464  508  540  559  570  581  595  610  624
  635  646  656  667  679  690  696  696  698
     7.5-180.0 180.0   5.0 450.0                            LAT/LON1/LON2/DLON/H
  682  672  685  721  767  805  825  829  820  801  773  737  694  643  584  524
  473  438  419  408  399  386  367  339  300  257  219  195  184  177  168  157
  148  144  141  137  130  121  115  115  122  131  137  135  127  119  123  141
  175  218  262  302  338  378  427  484  538  576  599  611  623  637  652  664
  675  686  697  707  716  720  716  701  682
     5.0-180.0 180.0   5.0 450.0                            LAT/LON1/LON2/DLON/H
  687  653  640  652  682  712  731  735  729  716  696  669  635  591  537  480
  433  403  388  379  367  349  325  294  257  220  193  180  179  178  173  163
  153  146  139  128  114  101   95   98  110  124  131  128  119  110  112  130
  164  210  258  302  342  386  441  503  562  605  630  644  658  674  688  700
  711  724  738  750  759  761  750  725  687
     2.5-180.0 180.0   5.0 450.0                            LAT/LON1/LON2/DLON/H
  715  665  629  619  629  646  656  656  648  636  619  598  570  531  482  430
  388  364  353  345  332  310  284  253  222  194  178  175  181  184  180  169
  158  148  136  120  100   84   79   85  100  115  121  118  107   99  102  120
  156  204  257  305  349  395  452  518  578  622  647  662  678  695  710  722
  734  750  769  786  798  801  791  762  715
