COD0OPSRAP_20242320000_01D_01H_GIM.INX
     1.0            IONOSPHERE MAPS     GNSS                IONEX VERSION / TYPE
ADDNEQ2 V5.5        AIUB                20-AUG-24 10:54     PGM / RUN BY / DATE 
CODE'S RAPID IONOSPHERE MAPS FOR DAY 232, 2024              COMMENT             
Global ionosphere maps (GIM) are generated on a daily basis DESCRIPTION         
at CODE using data from about 120 GNSS sites of the IGS and DESCRIPTION         
other institutions. The vertical total electron content     DESCRIPTION         
(VTEC) is modeled in a solar-geomagnetic reference frame    DESCRIPTION         
using a spherical harmonics expansion up to degree and      DESCRIPTION         
order 15. Piece-wise linear functions are used for          DESCRIPTION         
representation in the time domain. The time spacing of      DESCRIPTION         
their vertices is 1 hour, conforming with the epochs of the DESCRIPTION         
VTEC maps.                                                  DESCRIPTION         
To convert line-of-sight TEC into vertical TEC, a modified  DESCRIPTION         
single-layer model mapping function approximating the JPL   DESCRIPTION         
extended slab model mapping function is adopted. The        DESCRIPTION         
mapping function is evaluated at geodetic satellite         DESCRIPTION         
elevation angles. For the computation of the ionospheric    DESCRIPTION         
pierce points, a spherical layer with a radius of 6821 km   DESCRIPTION         
is assumed, implying geocentric, not geodetic IONEX         DESCRIPTION         
latitudes.                                                  DESCRIPTION         
Instrumental biases with respect to each involved GNSS code DESCRIPTION         
observable are estimated as constant values for each        DESCRIPTION         
day. They are modeled with one set of bias parameters for   DESCRIPTION         
each satellite and each station in case of GPS and for each DESCRIPTION         
satellite-station link in case of GLONASS. The code bias    DESCRIPTION         
datum is defined by zero-mean conditions imposed on the     DESCRIPTION         
satellite bias estimates. In this file, just GPS C1W-C2W    DESCRIPTION         
satellite and station bias values are included. The         DESCRIPTION         
complete set of GNSS code bias results is provided in an    DESCRIPTION         
additional Bias-SINEX file as pseudo-absolute values        DESCRIPTION         
specific to each observable.                                DESCRIPTION         
Note: These GIM results correspond to the results for the   DESCRIPTION         
last day of a 3-day combination analysis solving for 73     DESCRIPTION         
times 256, or 18688 VTEC parameters and 3 daily sets of     DESCRIPTION         
GNSS code bias parameters.                                  DESCRIPTION         
Contact address: code(at)aiub.unibe.ch                      DESCRIPTION         
Data archive:    ftp.aiub.unibe.ch/CODE/                    DESCRIPTION         
                 www.aiub.unibe.ch/download/CODE/           DESCRIPTION         
  2024     8    19     0     0     0                        EPOCH OF FIRST MAP  
  2024     8    20     0     0     0                        EPOCH OF LAST MAP   
  3600                                                      INTERVAL            
[...]
    87.5 -87.5  -2.5                                        LAT1 / LAT2 / DLAT  
  -180.0 180.0   5.0                                        LON1 / LON2 / DLON  
    -1                                                      EXPONENT            
TEC/RMS values in 0.1 TECU; 9999, if no value available     COMMENT             
Peak TEC values for the included maps:                      COMMENT             
1046 1051 1046 1050 1056 1039 1048 1060 1066 1046 1046 1040 COMMENT             
1040 1030 1089 1172 1231 1235 1220 1114 1064 1109 1120 1120 COMMENT             
1120                                                        COMMENT             
List of stations:                                           COMMENT             
adis albh alic amu2 areq ascg aspa bake bjfs bogo bor1 braz COMMENT             
brft brst brux bshm cas1 ccj2 cedu cord cpvg cro1 darw dav1 COMMENT             
dgar dubo fair flin flrs frdn func ganp glps glsv gode gope COMMENT             
gras graz guam hers hert hnpt hob2 hofn hrao iisc ineg invk COMMENT             
iqal joz2 jplm karr kerg kir0 kit3 kour lpal lpgs mac1 mal2 COMMENT             
mas1 mat1 mate maw1 mcm4 mizu mkea mobs mtka nano nklg nnor COMMENT             
ntus nya1 onsa park pdel pert pimo pots qaq1 rabt ramo reun COMMENT             
reyk rio2 sant sofi sthl stjo str2 suth sydn syog tabv tash COMMENT             
thti thu2 tid1 tow2 tskb ulab unb3 unbj unsa urum usud vald COMMENT             
whit wind wtzz xmis yarr yel2 yell ykro zim2 zimm           COMMENT             
                                                            END OF HEADER       
[from data line 7722]
    19                                                      START OF TEC MAP    
  2024     8    19    18     0     0                        EPOCH OF CURRENT MAP
    87.5-180.0 180.0   5.0 450.0                            LAT/LON1/LON2/DLON/H
  277  278  280  281  283  284  285  287  288  289  290  291  292  292  293  293
  293  293  293  293  292  292  291  290  289  288  286  285  283  282  280  278
  276  275  273  271  270  268  267  265  264  263  262  261  260  260  259  259
  259  259  259  259  259  259  260  260  261  261  262  262  263  264  265  266
  267  268  269  270  271  273  274  275  277
    85.0-180.0 180.0   5.0 450.0                            LAT/LON1/LON2/DLON/H
  266  268  271  274  277  279  282  285  287  290  292  294  296  298  299  300
  301  302  302  301  301  300  299  297  295  293  290  287  284  281  278  274
  271  267  264  260  257  254  251  249  247  245  243  242  241  240  240  240
  240  241  241  242  243  243  244  245  245  246  247  247  248  248  249  250
  251  252  253  255  257  259  261  263  266
    82.5-180.0 180.0   5.0 450.0                            LAT/LON1/LON2/DLON/H
  246  250  253  257  261  266  270  274  277  281  285  288  291  294  296  298
  300  301  302  303  302  302  301  299  296  294  290  287  282  278  273  269
  264  259  254  249  245  241  237  234  231  229  227  226  225  225  226  226
  228  229  231  232  233  234  235  236  236  236  235  234  234  233  232  232
  232  232  233  234  235  237  240  243  246
    80.0-180.0 180.0   5.0 450.0                            LAT/LON1/LON2/DLON/H
  224  228  233  238  242  247  252  257  261  266  270  274  278  282  286  289
  292  295  297  298  299  299  298  297  295  292  288  284  279  274  269  264
  258  253  247  242  237  233  228  225  222  219  218  217  217  218  219  221
  224  226  229  231  233  234  234  234  233  231  228  225  222  219  216  214
  212  211  210  211  212  214  217  220  224
    77.5-180.0 180.0   5.0 450.0                            LAT/LON1/LON2/DLON/H
  206  211  216  221  226  231  236  240  245  250  254  259  264  268  273  277
  281  285  289  292  294  295  295  294  292  289  286  281  276  271  265  260
  255  250  245  240  235  231  227  223  220  218  217  216  217  219  221  224
  228  231  235  237  239  239  239  237  234  229  225  219  214  208  203  198
  195  192  191  190  191  194  197  201  206
    75.0-180.0 180.0   5.0 450.0                            LAT/LON1/LON2/DLON/H
  198  204  209  214  218  222  226  230  234  238  242  247  252  257  262  268
  273  278  283  288  291  293  294  294  292  288  284  279  273  268  262  257
  253  249  245  242  239  235  232  229  226  224  223  222  223  225  228  231
  236  240  243  245  246  246  243  239  234  227  220  213  205  198  192  186
  182  179  177  177  179  182  187  192  198
    72.5-180.0 180.0   5.0 450.0                            LAT/LON1/LON2/DLON/H
  203  209  215  219  222  224  226  228  231  234  238  242  247  253  258  264
  270  276  283  288  293  296  298  297  294  290  284  278  271  265  260  256
  252  250  248  246  245  243  241  239  236  234  232  231  231  232  235  238
  241  245  248  249  248  246  241  235  228  220  212  203  196  189  183  177
  174  171  171  173  176  182  188  195  203
    70.0-180.0 180.0   5.0 450.0                            LAT/LON1/LON2/DLON/H
  218  226  231  235  236  237  236  237  238  240  243  247  252  257  262  268
  274  281  288  294  300  304  305  304  300  294  286  278  270  264  259  255
  253  252  252  252  252  252  251  249  247  244  241  239  237  237  237  239
  241  243  244  243  240  236  229  221  212  204  196  189  183  178  174  171
  170  169  171  175  181  189  199  209  218
    67.5-180.0 180.0   5.0 450.0                            LAT/LON1/LON2/DLON/H
  238  247  254  257  257  255  253  251  251  253  256  260  264  269  274  279
  284  290  297  303  309  313  314  312  307  299  290  280  272  265  261  258
  257  257  258  259  260  261  260  258  256  252  248  243  239  236  233  232
  232  231  230  226  221  214  205  196  187  179  173  169  167  166  166  166
  167  169  173  180  189  200  213  226  238
    65.0-180.0 180.0   5.0 450.0                            LAT/LON1/LON2/DLON/H
  256  267  275  278  277  274  271  269  268  270  273  278  282  287  290  293
  297  301  306  312  318  321  322  318  312  303  293  284  277  272  269  267
  267  268  268  269  270  270  269  267  263  258  252  245  238  231  225  220
  216  212  208  202  195  186  175  165  157  150  147  147  149  153  157  160
  163  167  173  181  193  208  224  241  256
    62.5-180.0 180.0   5.0 450.0                            LAT/LON1/LON2/DLON/H
  264  278  288  292  292  290  287  285  285  288  292  298  303  306  308  309
  310  311  314  318  322  324  324  320  313  305  297  291  287  285  284  285
  285  285  284  284  282  281  279  276  271  264  256  247  236  225  215  206
  198  192  185  177  168  158  147  137  129  125  125  128  135  142  148  153
  157  161  167  177  190  207  227  247  264
    60.0-180.0 180.0   5.0 450.0                            LAT/LON1/LON2/DLON/H
  262  278  290  297  299  299  298  298  300  304  311  318  323  326  327  325
  322  320  320  321  322  322  320  315  309  304  300  299  300  304  308  310
  311  309  306  303  299  295  292  287  281  274  264  252  239  224  210  197
  186  176  168  159  149  139  128  119  113  110  113  119  127  135  142  146
  149  152  156  165  178  197  219  241  262
    57.5-180.0 180.0   5.0 450.0                            LAT/LON1/LON2/DLON/H
  249  268  282  292  299  303  305  309  313  320  328  336  343  346  345  341
  334  329  324  321  318  315  311  306  301  300  302  308  317  327  336  340
  341  337  331  324  318  313  308  303  296  288  277  263  248  231  214  198
  184  172  163  154  144  135  126  118  113  112  115  121  129  136  140  142
  141  140  142  148  161  180  203  227  249
    55.0-180.0 180.0   5.0 450.0                            LAT/LON1/LON2/DLON/H
  233  253  270  284  295  305  312  320  327  336  345  355  362  365  364  358
  349  340  331  322  315  307  300  294  292  295  303  317  334  350  362  368
  368  362  353  345  338  332  328  322  316  307  295  281  264  246  227  209
  194  181  171  163  156  148  141  135  132  131  134  138  143  146  146  142
  137  132  130  134  145  163  186  210  233
    52.5-180.0 180.0   5.0 450.0                            LAT/LON1/LON2/DLON/H
  220  241  260  278  295  310  323  334  344  354  364  374  382  386  385  379
  369  356  343  330  316  304  293  286  285  292  306  326  348  368  381  387
  385  377  367  359  353  350  347  343  337  327  315  301  284  265  246  228
  212  200  191  185  179  174  169  166  164  164  165  166  166  164  159  150
  140  131  126  127  137  154  175  198  220
    50.0-180.0 180.0   5.0 450.0                            LAT/LON1/LON2/DLON/H
  218  238  258  279  301  321  340  354  366  375  385  394  403  409  410  405
  395  381  364  346  327  309  295  286  286  295  312  334  356  376  389  393
  388  379  370  364  363  364  365  364  357  347  335  320  303  285  266  249
  235  224  217  212  209  206  203  201  201  201  201  200  195  189  179  167
  154  142  134  134  142  157  177  198  218
    47.5-180.0 180.0   5.0 450.0                            LAT/LON1/LON2/DLON/H
  229  247  268  291  316  341  363  380  392  401  409  417  426  433  437  435
  426  412  393  371  348  326  308  297  296  305  321  341  360  375  384  385
  380  371  364  363  368  375  381  382  376  364  349  333  317  299  282  267
  255  246  241  238  236  234  233  233  234  236  235  232  225  216  205  192
  178  165  156  154  161  175  192  211  229
    45.0-180.0 180.0   5.0 450.0                            LAT/LON1/LON2/DLON/H
  251  268  288  312  340  367  390  408  420  428  434  442  450  460  466  467
  461  448  429  405  380  354  334  321  319  325  337  350  362  370  375  374
  369  362  359  363  374  388  398  400  392  377  360  341  324  307  292  279
  270  264  261  258  256  254  253  254  257  259  260  257  251  242  232  222
  210  198  189  186  191  203  219  235  251
    42.5-180.0 180.0   5.0 450.0                            LAT/LON1/LON2/DLON/H
  279  296  316  340  367  395  419  437  449  455  460  467  476  486  495  499
  496  485  467  444  418  392  371  357  353  355  360  365  368  370  371  372
  370  368  369  377  392  409  421  421  410  391  368  346  327  310  296  286
  280  276  274  273  270  266  263  263  267  271  274  274  270  265  259  253
  246  236  227  223  225  235  249  264  279
    40.0-180.0 180.0   5.0 450.0                            LAT/LON1/LON2/DLON/H
  306  323  344  368  394  421  444  462  474  480  485  491  500  512  523  530
  529  520  504  484  460  436  415  402  396  395  394  390  386  385  389  395
  401  405  409  418  432  447  455  451  434  409  382  356  333  315  302  294
  290  289  288  285  280  274  268  266  269  275  281  284  284  284  284  283
  280  273  263  256  255  262  274  290  306
    37.5-180.0 180.0   5.0 450.0                            LAT/LON1/LON2/DLON/H
  324  344  366  391  416  441  463  480  494  502  508  515  525  538  550  557
  558  551  538  521  501  480  462  451  445  442  437  430  424  426  439  458
  475  485  489  493  501  507  506  493  469  439  406  376  351  331  318  311
  308  308  307  303  297  287  277  272  273  279  286  292  296  300  305  309
  309  302  291  280  274  278  289  305  324
    35.0-180.0 180.0   5.0 450.0                            LAT/LON1/LON2/DLON/H
  330  354  380  407  431  454  475  493  509  520  530  539  550  564  577  584
  585  579  569  556  541  524  509  499  495  494  490  485  485  499  528  564
  594  609  610  604  596  587  572  548  516  480  445  413  385  364  350  343
  340  339  338  334  326  313  300  290  287  291  298  305  311  316  323  328
  329  321  307  291  280  280  290  307  330
    32.5-180.0 180.0   5.0 450.0                            LAT/LON1/LON2/DLON/H
  324  354  385  414  440  462  482  502  520  536  550  562  576  591  605  612
  612  607  599  589  578  565  552  545  544  547  551  555  569  600  650  706
  750  767  760  737  710  680  647  609  570  532  497  465  436  414  399  391
  387  385  383  378  370  357  340  326  318  318  322  326  330  334  338  341
  340  329  311  290  274  270  278  298  324
    30.0-180.0 180.0   5.0 450.0                            LAT/LON1/LON2/DLON/H
  311  347  383  417  444  466  487  508  530  551  569  586  603  621  636  643
  643  637  631  624  615  603  592  586  590  601  616  635  667  720  791  865
  919  935  916  874  823  770  717  667  622  586  555  526  498  475  459  450
  444  440  437  433  427  414  397  379  365  359  358  357  356  353  352  349
  343  328  306  281  261  253  260  281  311
    27.5-180.0 180.0   5.0 450.0                            LAT/LON1/LON2/DLON/H
  295  335  377  416  446  470  492  515  540  565  587  608  630  652  670  679
  679  674  668  662  654  642  630  625  632  653  681  718  769  840  929 1015
 1072 1082 1049  987  914  840  770  708  661  629  605  583  558  535  518  508
  500  494  490  488  485  476  460  439  421  409  401  394  385  375  364  354
  341  322  297  270  247  236  241  262  295
    25.0-180.0 180.0   5.0 450.0                            LAT/LON1/LON2/DLON/H
  280  324  370  414  449  476  499  524  550  576  602  627  654  681  703  716
  719  716  712  706  697  682  667  662  673  701  743  795  860  944 1039 1127
 1179 1179 1132 1055  966  876  792  723  676  650  636  621  600  579  562  550
  541  533  529  530  532  528  515  495  474  456  442  428  412  394  375  356
  337  315  289  261  237  224  227  247  280
    22.5-180.0 180.0   5.0 450.0                            LAT/LON1/LON2/DLON/H
  270  314  364  411  451  481  507  532  558  585  612  640  672  705  734  752
  760  761  759  754  743  725  707  700  713  748  799  860  931 1014 1105 1181
 1220 1208 1150 1065  969  871  780  706  661  643  638  630  613  593  577  566
  557  548  545  549  556  558  549  530  509  489  471  452  431  407  381  356
  332  308  282  256  232  218  219  237  270
    20.0-180.0 180.0   5.0 450.0                            LAT/LON1/LON2/DLON/H
  262  306  357  408  452  486  513  537  563  589  616  646  683  722  757  782
  797  804  806  803  791  771  751  742  755  792  846  907  974 1045 1117 1172
 1192 1166 1103 1019  926  830  737  662  619  607  609  606  591  572  557  548
  542  535  534  541  552  557  552  537  517  498  478  458  435  410  382  354
  327  303  279  254  231  217  216  231  262
    17.5-180.0 180.0   5.0 450.0                            LAT/LON1/LON2/DLON/H
  256  298  350  403  450  486  515  539  563  587  614  646  685  728  769  802
  825  840  848  848  837  817  797  789  801  836  886  939  990 1039 1082 1109
 1107 1070 1008  935  855  768  679  604  561  552  557  556  541  521  509  504
  502  500  502  511  522  528  525  513  497  480  462  443  424  401  376  349
  323  299  276  252  230  215  213  227  256
    15.0-180.0 180.0   5.0 450.0                            LAT/LON1/LON2/DLON/H
  247  289  340  395  444  483  513  537  560  583  609  641  681  727  771  810
  841  865  880  884  877  861  845  839  851  880  919  956  986 1006 1018 1016
  993  950  896  841  781  708  625  551  506  495  498  494  476  457  447  447
  451  455  461  470  479  481  476  465  453  440  426  411  397  381  362  340
  316  294  271  247  224  208  206  219  247
    12.5-180.0 180.0   5.0 450.0                            LAT/LON1/LON2/DLON/H
  236  277  329  384  435  476  507  532  556  579  604  636  676  721  767  808
  846  877  900  911  909  901  892  891  901  923  948  966  972  965  948  922
  884  841  801  766  728  671  595  520  471  454  450  441  419  399  392  399
  410  421  430  437  439  432  421  409  400  391  380  369  360  353  343  327
  306  285  262  236  212  195  193  207  236
    10.0-180.0 180.0   5.0 450.0                            LAT/LON1/LON2/DLON/H
  222  265  317  373  426  469  502  530  555  580  606  638  676  718  761  802
  843  880  909  926  932  933  935  940  951  964  974  975  960  933  897  855
  812  774  748  734  716  672  602  525  470  443  431  414  389  368  365  378
  396  412  423  425  417  398  376  361  353  346  336  327  322  322  319  309
  293  272  248  220  192  175  174  190  222
     7.5-180.0 180.0   5.0 450.0                            LAT/LON1/LON2/DLON/H
  207  253  307  366  421  466  503  534  563  590  619  650  685  722  760  798
  838  877  910  932  945  957  970  984  995 1001  998  985  959  922  878  834
  794  764  753  754  749  714  647  568  505  470  449  426  398  379  379  396
  419  438  448  443  422  387  354  334  325  317  305  293  289  292  294  289
  275  255  229  199  169  151  152  172  207
     5.0-180.0 180.0   5.0 450.0                            LAT/LON1/LON2/DLON/H
  195  245  302  364  422  471  512  547  581  613  643  673  705  737  769  801
  837  875  907  932  952  972  996 1017 1028 1029 1019  999  970  935  897  860
  829  810  809  818  817  785  719  638  571  529  502  475  448  431  435  454
  477  495  501  487  452  402  358  331  320  310  293  275  266  267  271  267
  255  235  209  178  148  130  133  157  195
     2.5-180.0 180.0   5.0 450.0                            LAT/LON1/LON2/DLON/H
  188  241  303  368  431  485  530  572  610  646  678  707  737  764  790  815
  844  877  906  931  953  980 1010 1036 1049 1046 1033 1013  991  966  943  920
  902  892  894  902  899  865  798  717  650  605  576  549  525  514  519  537
  555  567  565  542  495  434  380  349  336  322  298  271  254  249  249  245
  233  215  191  161  132  116  121  147  188
