COD0OPSRAP_20241840000_01D_01H_GIM.INX
     1.0            IONOSPHERE MAPS     GNSS                IONEX VERSION / TYPE
ADDNEQ2 V5.5        AIUB                03-JUL-24 08:11     PGM / RUN BY / DATE 
CODE'S RAPID IONOSPHERE MAPS FOR DAY 184, 2024              COMMENT             
Global ionosphere maps (GIM) are generated on a daily basis DESCRIPTION         
at CODE using data from about 120 GNSS sites of the IGS and DESCRIPTION         
other institutions. The vertical total electron content     DESCRIPTION         
(VTEC) is modeled in a solar-geomagnetic reference frame    DESCRIPTION         
using a spherical harmonics expansion up to degree and      DESCRIPTION         
order 15. Piece-wise linear functions are used for          DESCRIPTION         
representation in the time domain. The time spacing of      DESCRIPTION         
their vertices is 1 hour, conforming with the epochs of the DESCRIPTION         
VTEC maps.                                                  DESCRIPTION         
To convert line-of-sight TEC into vertical TEC, a modified  DESCRIPTION         
single-layer model mapping function approximating the JPL   DESCRIPTION         
extended slab model mapping function is adopted. The        DESCRIPTION         
mapping function is evaluated at geodetic satellite         DESCRIPTION         
elevation angles. For the computation of the ionospheric    DESCRIPTION         
pierce points, a spherical layer with a radius of 6821 km   DESCRIPTION         
is assumed, implying geocentric, not geodetic IONEX         DESCRIPTION         
latitudes.                                                  DESCRIPTION         
Instrumental biases with respect to each involved GNSS code DESCRIPTION         
observable are estimated as constant values for each        DESCRIPTION         
day. They are modeled with one set of bias parameters for   DESCRIPTION         
each satellite and each station in case of GPS and for each DESCRIPTION         
satellite-station link in case of GLONASS. The code bias    DESCRIPTION         
datum is defined by zero-mean conditions imposed on the     DESCRIPTION         
satellite bias estimates. In this file, just GPS C1W-C2W    DESCRIPTION         
satellite and station bias values are included. The         DESCRIPTION         
complete set of GNSS code bias results is provided in an    DESCRIPTION         
additional Bias-SINEX file as pseudo-absolute values        DESCRIPTION         
specific to each observable.                                DESCRIPTION         
Note: These GIM results correspond to the results for the   DESCRIPTION         
last day of a 3-day combination analysis solving for 73     DESCRIPTION         
times 256, or 18688 VTEC parameters and 3 daily sets of     DESCRIPTION         
GNSS code bias parameters.                                  DESCRIPTION         
Contact address: code(at)aiub.unibe.ch                      DESCRIPTION         
Data archive:    ftp.aiub.unibe.ch/CODE/                    DESCRIPTION         
                 www.aiub.unibe.ch/download/CODE/           DESCRIPTION         
  2024     7     2     0     0     0                        EPOCH OF FIRST MAP  
  2024     7     3     0     0     0                        EPOCH OF LAST MAP   
  3600                                                      INTERVAL            
[...]
    87.5 -87.5  -2.5                                        LAT1 / LAT2 / DLAT  
  -180.0 180.0   5.0                                        LON1 / LON2 / DLON  
    -1                                                      EXPONENT            
TEC/RMS values in 0.1 TECU; 9999, if no value available     COMMENT             
Peak TEC values for the included maps:                      COMMENT             
 789  804  805  805  824  789  803  825  821  783  729  697 COMMENT             
 717  715  706  720  726  735  734  734  738  750  763  770 COMMENT             
 773                                                        COMMENT             
List of stations:                                           COMMENT             
adis albh algo alic amu2 areq ascg aspa auck bake bogo bor1 COMMENT             
braz brft brst brux cas1 ccj2 cedu chti chur cord cpvg cro1 COMMENT             
darw dav1 dgar dubo faa1 fair flin flrs frdn func ganp glps COMMENT             
glsv gode gope gras graz guam hert hnpt hob2 hofn hrao iisc COMMENT             
ineg invk iqal joz2 jplm kerg kir0 kit3 kokv kour lpal lpgs COMMENT             
mac1 mal2 mas1 mat1 mate maw1 mcm4 mizu mkea mobs mtka nano COMMENT             
nklg nnor ntus nya1 onsa park pdel pert pimo pots qaq1 rabt COMMENT             
reun reyk rio2 sant sch2 scub sofi sthl stjo str2 suth sydn COMMENT             
syog tabv tash thti thu2 tid1 tn22 tow2 ulab unb3 unbj unsa COMMENT             
urum usud vald whit wind wtzz xmis yarr yel2 ykro zim2 zimm COMMENT             
                                                            END OF HEADER       
     1                                                      START OF TEC MAP    
  2024     7     2     0     0     0                        EPOCH OF CURRENT MAP
    87.5-180.0 180.0   5.0 450.0                            LAT/LON1/LON2/DLON/H
  242  243  244  245  246  247  248  248  249  250  250  250  250  250  250  250
  249  249  248  247  246  245  244  242  241  239  238  236  235  233  232  230
  229  228  227  226  225  224  223  222  222  221  221  221  221  221  221  221
  221  222  222  222  223  224  224  225  226  226  227  228  229  230  231  232
  233  234  235  236  237  238  239  240  242
    85.0-180.0 180.0   5.0 450.0                            LAT/LON1/LON2/DLON/H
  240  242  244  247  249  251  253  255  257  259  260  261  261  262  261  261
  260  259  257  255  253  251  248  245  242  239  236  233  230  226  223  221
  218  215  213  211  210  208  207  206  206  205  205  205  206  206  207  207
  208  209  210  211  212  213  214  216  217  218  219  220  221  222  223  225
  226  227  229  230  232  234  236  238  240
    82.5-180.0 180.0   5.0 450.0                            LAT/LON1/LON2/DLON/H
  232  235  238  242  245  249  253  256  259  262  264  266  267  268  268  267
  266  265  263  260  257  254  250  246  241  237  232  227  222  218  213  209
  205  202  199  197  195  193  193  192  192  192  192  193  194  195  196  198
  199  201  202  204  206  207  209  210  211  213  214  215  215  216  217  217
  218  219  220  221  223  224  226  229  232
    80.0-180.0 180.0   5.0 450.0                            LAT/LON1/LON2/DLON/H
  220  224  228  232  237  242  247  252  257  261  264  266  268  269  269  268
  267  265  263  260  257  253  248  244  239  233  227  221  215  209  204  199
  194  190  187  185  183  182  182  182  183  184  185  186  188  190  191  193
  196  198  200  202  204  206  208  210  211  212  213  214  214  214  213  213
  213  212  212  212  213  214  215  217  220
    77.5-180.0 180.0   5.0 450.0                            LAT/LON1/LON2/DLON/H
  210  213  217  222  227  233  240  246  251  256  260  263  265  265  265  264
  263  261  258  256  253  249  246  241  236  230  224  217  211  204  197  192
  187  183  180  178  177  177  177  179  180  182  183  185  187  189  192  194
  197  200  203  205  208  211  213  215  217  218  218  218  218  217  216  214
  213  211  209  208  207  206  207  208  210
    75.0-180.0 180.0   5.0 450.0                            LAT/LON1/LON2/DLON/H
  204  206  209  214  219  225  232  239  245  251  255  258  259  259  258  257
  255  253  251  249  247  245  242  239  235  230  223  217  209  202  195  189
  184  180  177  176  176  177  178  181  183  185  187  189  191  193  196  198
  202  205  209  213  216  220  223  225  227  228  228  228  227  226  225  222
  220  217  214  211  208  206  204  204  204
    72.5-180.0 180.0   5.0 450.0                            LAT/LON1/LON2/DLON/H
  206  206  207  210  215  220  227  233  240  246  250  253  253  253  251  248
  246  244  242  242  241  241  240  238  235  231  225  218  211  204  197  190
  185  181  179  179  179  181  184  187  189  192  194  196  197  199  201  205
  208  213  218  223  228  232  235  238  239  241  241  242  241  240  239  237
  234  230  226  222  218  214  211  208  206
    70.0-180.0 180.0   5.0 450.0                            LAT/LON1/LON2/DLON/H
  217  214  213  213  215  219  224  230  237  242  247  249  249  248  245  242
  239  236  235  236  237  238  239  238  236  233  228  222  215  208  201  195
  190  187  185  184  185  188  191  194  197  199  201  202  203  204  207  210
  215  221  228  234  240  245  248  251  253  254  255  256  257  257  256  255
  252  249  245  241  236  231  226  221  217
    67.5-180.0 180.0   5.0 450.0                            LAT/LON1/LON2/DLON/H
  235  230  225  222  220  221  224  229  235  241  245  248  248  246  243  239
  235  233  232  233  235  237  238  239  237  234  230  225  219  213  207  202
  198  194  192  192  192  195  197  201  203  205  206  206  206  207  210  214
  220  228  237  244  251  256  260  262  264  265  267  269  271  272  273  274
  273  270  267  263  258  253  247  241  235
    65.0-180.0 180.0   5.0 450.0                            LAT/LON1/LON2/DLON/H
  258  250  242  234  229  226  226  229  234  239  244  247  248  247  244  240
  237  234  233  234  236  238  240  240  238  235  231  226  222  218  214  211
  207  204  201  199  199  200  202  204  206  208  208  207  207  207  210  215
  223  233  243  253  260  266  268  270  271  273  275  278  282  285  288  290
  290  290  288  285  281  277  272  265  258
    62.5-180.0 180.0   5.0 450.0                            LAT/LON1/LON2/DLON/H
  281  271  260  249  239  232  229  229  233  238  243  248  250  250  248  245
  242  240  239  239  240  242  242  241  238  235  231  227  225  223  222  220
  217  214  209  206  204  203  204  205  207  207  206  205  204  204  207  214
  223  235  247  258  266  271  273  273  274  275  278  283  288  293  298  301
  303  304  304  303  301  298  294  288  281
    60.0-180.0 180.0   5.0 450.0                            LAT/LON1/LON2/DLON/H
  301  291  278  264  251  240  233  231  233  237  242  247  251  253  253  252
  250  248  247  247  247  247  246  243  239  235  231  228  228  229  230  230
  228  223  217  211  207  204  203  204  204  204  203  201  200  200  203  210
  221  234  248  259  267  271  272  272  272  274  279  285  292  298  303  307
  310  312  313  314  314  313  311  308  301
    57.5-180.0 180.0   5.0 450.0                            LAT/LON1/LON2/DLON/H
  316  308  295  279  263  250  240  235  235  238  242  247  251  255  257  259
  259  258  256  255  255  254  252  248  243  238  233  232  233  236  239  240
  237  231  223  215  208  204  202  201  201  200  199  197  195  195  198  206
  217  231  246  258  265  269  269  268  269  272  278  286  293  300  305  309
  312  314  316  318  320  322  322  321  316
    55.0-180.0 180.0   5.0 450.0                            LAT/LON1/LON2/DLON/H
  327  321  309  294  278  262  250  243  241  241  244  247  252  257  261  265
  267  267  265  264  263  262  260  257  251  245  240  238  240  244  247  248
  245  237  228  218  209  204  200  199  198  197  196  194  192  192  194  201
  213  227  242  254  262  265  265  265  267  272  280  289  296  302  306  308
  310  313  315  318  321  324  327  328  327
    52.5-180.0 180.0   5.0 450.0                            LAT/LON1/LON2/DLON/H
  334  331  322  309  294  279  266  258  253  251  250  251  254  259  265  270
  274  274  273  272  272  273  272  270  264  258  252  249  250  253  255  254
  249  240  229  219  210  204  201  199  197  196  194  193  191  190  192  198
  208  222  237  250  258  261  263  265  269  277  287  296  303  307  308  309
  310  312  315  318  321  325  329  332  334
    50.0-180.0 180.0   5.0 450.0                            LAT/LON1/LON2/DLON/H
  339  339  335  325  312  299  288  279  272  267  262  259  259  263  269  276
  280  282  281  281  282  285  288  287  282  275  267  263  261  261  260  257
  249  239  228  219  212  207  204  201  199  197  195  194  192  191  192  196
  205  218  233  246  256  261  265  270  278  289  301  311  316  317  315  314
  314  316  318  321  324  327  331  335  339
    47.5-180.0 180.0   5.0 450.0                            LAT/LON1/LON2/DLON/H
  346  349  348  342  333  323  314  306  298  289  280  272  269  270  276  283
  288  289  289  290  294  300  306  307  303  294  284  277  271  268  263  255
  246  235  226  219  216  213  210  207  204  201  199  198  196  194  194  196
  203  216  231  246  257  266  273  282  294  308  322  331  335  333  329  326
  325  327  329  332  333  334  337  341  346
    45.0-180.0 180.0   5.0 450.0                            LAT/LON1/LON2/DLON/H
  356  360  362  360  354  348  341  335  327  316  303  291  284  283  288  294
  298  300  300  301  307  316  324  327  322  311  299  288  279  271  262  252
  241  231  225  223  223  222  220  216  211  208  205  204  203  201  198  198
  204  215  231  248  263  275  287  300  316  333  348  357  359  355  349  345
  344  346  349  351  350  349  349  351  356
    42.5-180.0 180.0   5.0 450.0                            LAT/LON1/LON2/DLON/H
  371  375  378  378  376  372  368  363  356  344  330  315  305  301  304  308
  312  313  313  316  323  334  342  344  336  323  308  295  283  272  260  247
  237  230  229  231  234  236  234  228  222  217  215  214  212  209  204  202
  206  217  233  252  271  288  305  322  342  361  377  386  386  381  375  370
  370  373  376  377  375  371  368  368  371
    40.0-180.0 180.0   5.0 450.0                            LAT/LON1/LON2/DLON/H
  391  394  397  398  397  395  393  389  383  372  357  342  329  324  323  326
  329  329  329  332  340  351  357  356  345  328  311  296  284  272  258  246
  237  235  238  244  250  253  250  243  235  230  227  226  223  218  211  207
  209  219  237  258  280  302  323  344  366  387  404  412  413  409  403  400
  401  405  408  408  404  398  392  389  391
    37.5-180.0 180.0   5.0 450.0                            LAT/LON1/LON2/DLON/H
  415  416  419  419  418  416  414  412  407  398  385  370  357  349  346  346
  347  347  347  350  358  366  369  363  347  326  309  295  284  273  260  249
  244  246  254  263  270  271  267  259  250  244  241  239  234  227  217  211
  212  222  239  262  287  312  337  362  386  408  425  434  436  434  431  430
  433  436  439  438  434  427  420  415  415
    35.0-180.0 180.0   5.0 450.0                            LAT/LON1/LON2/DLON/H
  442  442  444  443  441  438  435  433  429  422  412  399  387  376  370  366
  365  364  364  368  374  379  378  365  345  322  306  295  288  278  267  259
  257  264  274  284  290  289  283  274  265  259  256  252  245  234  222  213
  213  222  238  261  288  316  345  372  398  420  437  448  453  454  455  457
  461  464  466  465  462  455  449  443  442
    32.5-180.0 180.0   5.0 450.0                            LAT/LON1/LON2/DLON/H
  469  470  472  471  468  462  458  454  452  448  441  432  419  406  394  386
  381  380  380  383  388  390  384  367  343  321  307  300  296  289  279  272
  274  283  295  303  305  301  294  285  277  272  268  263  252  237  223  213
  211  218  233  255  282  312  343  373  399  422  440  452  461  467  473  478
  482  485  486  486  483  480  475  471  469
    30.0-180.0 180.0   5.0 450.0                            LAT/LON1/LON2/DLON/H
  497  499  502  502  499  492  486  481  479  478  475  469  456  439  421  407
  398  395  395  397  399  399  390  371  347  326  316  314  312  305  294  286
  288  298  308  313  311  305  297  290  285  281  277  269  255  236  219  208
  205  210  222  241  267  298  331  363  391  414  433  448  460  471  481  490
  495  497  498  498  499  499  497  496  497
    27.5-180.0 180.0   5.0 450.0                            LAT/LON1/LON2/DLON/H
  521  527  534  537  534  527  520  515  514  516  516  512  499  477  452  431
  417  411  409  409  409  407  398  380  358  341  334  334  333  322  307  296
  295  302  309  310  304  297  290  286  285  283  279  268  251  230  212  200
  196  199  206  221  244  275  310  344  374  399  419  436  452  467  481  492
  499  501  501  503  507  512  515  517  521
    25.0-180.0 180.0   5.0 450.0                            LAT/LON1/LON2/DLON/H
  542  553  564  572  573  567  561  556  557  561  564  562  548  522  491  462
  443  433  427  423  421  417  409  395  377  364  359  359  353  336  313  296
  290  292  294  291  283  277  274  275  277  277  273  260  241  219  201  190
  185  184  186  195  215  246  283  320  353  380  402  421  439  458  475  488
  495  498  501  505  513  521  528  534  542
    22.5-180.0 180.0   5.0 450.0                            LAT/LON1/LON2/DLON/H
  559  575  592  605  611  609  604  601  603  610  617  616  603  574  538  503
  479  463  452  442  435  430  425  414  401  390  385  381  367  341  308  283
  270  267  264  257  250  247  250  256  261  263  259  246  227  206  189  178
  172  167  163  166  183  213  253  294  331  361  385  406  426  446  464  479
  489  494  499  506  517  528  538  547  559
    20.0-180.0 180.0   5.0 450.0                            LAT/LON1/LON2/DLON/H
  573  593  615  634  644  646  645  645  650  659  668  670  658  630  592  555
  526  504  486  469  455  446  442  434  423  412  403  391  368  332  291  257
  239  230  224  216  211  214  223  233  241  244  240  228  211  192  177  167
  159  149  140  138  151  182  224  269  311  345  372  395  416  436  455  472
  484  493  501  511  524  536  547  558  573
    17.5-180.0 180.0   5.0 450.0                            LAT/LON1/LON2/DLON/H
  584  607  634  657  671  677  680  683  689  700  711  716  709  685  650  613
  582  555  529  502  479  465  457  449  437  421  405  384  352  309  262  225
  203  191  182  176  175  184  198  212  220  223  219  210  195  180  168  158
  148  133  118  112  123  154  199  249  296  335  365  390  411  431  451  469
  484  497  509  522  536  547  557  568  584
    15.0-180.0 180.0   5.0 450.0                            LAT/LON1/LON2/DLON/H
  597  620  648  673  690  699  704  710  718  728  740  749  748  732  704  672
  642  611  577  539  505  482  468  454  436  412  386  356  319  273  227  192
  170  158  150  146  151  165  182  196  202  204  201  194  184  172  162  151
  137  118   99   90  100  132  180  234  286  330  365  392  414  435  454  474
  492  510  526  541  554  564  571  581  597
    12.5-180.0 180.0   5.0 450.0                            LAT/LON1/LON2/DLON/H
  612  634  660  684  702  713  720  726  733  741  752  763  769  764  747  723
  695  663  622  574  529  494  469  446  417  383  347  311  273  232  195  167
  151  142  136  136  145  161  179  189  191  190  188  184  177  168  158  145
  127  104   83   73   84  117  167  225  281  330  369  399  423  445  466  487
  509  530  550  566  578  585  590  597  612
    10.0-180.0 180.0   5.0 450.0                            LAT/LON1/LON2/DLON/H
  630  650  673  694  710  721  728  734  737  742  749  760  771  776  771  756
  734  701  656  600  545  498  460  424  382  337  294  257  224  195  172  158
  151  147  145  147  158  174  187  191  188  183  181  179  175  167  155  139
  117   92   70   62   74  108  159  219  279  333  375  409  437  461  484  507
  531  555  577  594  604  609  612  618  630
     7.5-180.0 180.0   5.0 450.0                            LAT/LON1/LON2/DLON/H
  652  669  688  705  719  729  735  738  737  734  735  742  756  768  773  767
  749  717  670  611  548  490  440  391  338  285  240  206  183  170  165  167
  171  173  173  177  187  199  205  201  191  183  180  178  174  165  150  130
  105   79   60   55   69  103  154  215  277  334  380  417  449  478  504  529
  555  580  603  620  629  633  635  641  652
     5.0-180.0 180.0   5.0 450.0                            LAT/LON1/LON2/DLON/H
  675  689  704  719  731  739  744  744  738  727  719  719  730  745  755  753
  738  708  662  602  536  472  412  353  294  238  195  169  160  164  176  192
  205  212  214  218  225  229  226  212  196  185  181  178  172  160  141  118
   91   67   52   51   67  100  149  209  272  330  378  420  457  491  521  548
  574  600  623  639  648  652  656  664  675
     2.5-180.0 180.0   5.0 450.0                            LAT/LON1/LON2/DLON/H
  693  707  720  733  744  753  757  756  745  727  709  699  702  714  723  721
  705  675  631  574  510  445  381  319  259  208  173  157  161  178  203  227
  245  253  256  258  259  256  242  221  200  187  181  176  166  150  128  102
   76   55   45   49   66   97  142  199  261  318  368  413  455  495  530  558
  583  608  630  646  655  661  669  680  693
