COD0OPSRAP_20242180000_01D_01H_GIM.INX
     1.0            IONOSPHERE MAPS     GNSS                IONEX VERSION / TYPE
ADDNEQ2 V5.5        AIUB                06-AUG-24 08:11     PGM / RUN BY / DATE 
CODE'S RAPID IONOSPHERE MAPS FOR DAY 218, 2024              COMMENT             
Global ionosphere maps (GIM) are generated on a daily basis DESCRIPTION         
at CODE using data from about 120 GNSS sites of the IGS and DESCRIPTION         
other institutions. The vertical total electron content     DESCRIPTION         
(VTEC) is modeled in a solar-geomagnetic reference frame    DESCRIPTION         
using a spherical harmonics expansion up to degree and      DESCRIPTION         
order 15. Piece-wise linear functions are used for          DESCRIPTION         
representation in the time domain. The time spacing of      DESCRIPTION         
their vertices is 1 hour, conforming with the epochs of the DESCRIPTION         
VTEC maps.                                                  DESCRIPTION         
To convert line-of-sight TEC into vertical TEC, a modified  DESCRIPTION         
single-layer model mapping function approximating the JPL   DESCRIPTION         
extended slab model mapping function is adopted. The        DESCRIPTION         
mapping function is evaluated at geodetic satellite         DESCRIPTION         
elevation angles. For the computation of the ionospheric    DESCRIPTION         
pierce points, a spherical layer with a radius of 6821 km   DESCRIPTION         
is assumed, implying geocentric, not geodetic IONEX         DESCRIPTION         
latitudes.                                                  DESCRIPTION         
Instrumental biases with respect to each involved GNSS code DESCRIPTION         
observable are estimated as constant values for each        DESCRIPTION         
day. They are modeled with one set of bias parameters for   DESCRIPTION         
each satellite and each station in case of GPS and for each DESCRIPTION         
satellite-station link in case of GLONASS. The code bias    DESCRIPTION         
datum is defined by zero-mean conditions imposed on the     DESCRIPTION         
satellite bias estimates. In this file, just GPS C1W-C2W    DESCRIPTION         
satellite and station bias values are included. The         DESCRIPTION         
complete set of GNSS code bias results is provided in an    DESCRIPTION         
additional Bias-SINEX file as pseudo-absolute values        DESCRIPTION         
specific to each observable.                                DESCRIPTION         
Note: These GIM results correspond to the results for the   DESCRIPTION         
last day of a 3-day combination analysis solving for 73     DESCRIPTION         
times 256, or 18688 VTEC parameters and 3 daily sets of     DESCRIPTION         
GNSS code bias parameters.                                  DESCRIPTION         
Contact address: code(at)aiub.unibe.ch                      DESCRIPTION         
Data archive:    ftp.aiub.unibe.ch/CODE/                    DESCRIPTION         
                 www.aiub.unibe.ch/download/CODE/           DESCRIPTION         
  2024     8     5     0     0     0                        EPOCH OF FIRST MAP  
  2024     8     6     0     0     0                        EPOCH OF LAST MAP   
  3600                                                      INTERVAL            
[...]
    87.5 -87.5  -2.5                                        LAT1 / LAT2 / DLAT  
  -180.0 180.0   5.0                                        LON1 / LON2 / DLON  
    -1                                                      EXPONENT            
TEC/RMS values in 0.1 TECU; 9999, if no value available     COMMENT             
Peak TEC values for the included maps:                      COMMENT             
 984  981  966  966  949  942  996 1031 1026  989  944  908 COMMENT             
 880  881  906  914  919  938  903  912  935  967 1000 1030 COMMENT             
1045                                                        COMMENT             
List of stations:                                           COMMENT             
adis albh algo alic amu2 areq ascg aspa auck bake bjfs bogo COMMENT             
bor1 braz brft brst brux bshm cas1 ccj2 cedu chti chur cord COMMENT             
cpvg cro1 darw dav1 dgar dubo fair flin flrs frdn func ganp COMMENT             
glps gode gope gras guam hert hnpt hob2 hofn holm hrao iisc COMMENT             
ineg invk iqal joz2 jplm kerg kir0 kit3 kour lpal lpgs mac1 COMMENT             
mal2 mas1 mat1 mate maw1 mcm4 mizu mkea mobs mtka nano nklg COMMENT             
nnor ntus nya1 onsa park pdel pert pimo pots qaq1 rabt ramo COMMENT             
reun reyk rio2 sant sch2 scub sofi sthl stjo str2 suth sydn COMMENT             
syog tabv tash thti thu2 tid1 tn22 tow2 ulab unb3 unbj unsa COMMENT             
urum usud vald whit wind wtzz xmis yarr yel2 ykro zim2 zimm COMMENT             
                                                            END OF HEADER       
[from data line 4290]
    11                                                      START OF TEC MAP    
  2024     8     5    10     0     0                        EPOCH OF CURRENT MAP
    87.5-180.0 180.0   5.0 450.0                            LAT/LON1/LON2/DLON/H
  144  145  146  147  148  149  150  151  152  153  154  156  157  158  159  160
  160  161  162  163  163  164  164  165  165  165  165  165  165  164  164  163
  162  162  161  160  158  157  156  155  153  152  151  149  148  147  146  144
  143  142  141  140  140  139  138  138  137  137  137  137  137  137  138  138
  138  139  139  140  141  142  142  143  144
    85.0-180.0 180.0   5.0 450.0                            LAT/LON1/LON2/DLON/H
  144  145  146  147  149  150  151  152  154  155  157  159  161  162  164  166
  168  169  171  172  173  175  175  176  177  177  177  177  177  177  176  175
  174  173  172  170  168  167  164  162  160  158  155  153  150  148  146  144
  142  140  139  137  136  135  135  134  134  134  134  134  134  135  135  136
  137  138  138  139  140  141  142  143  144
    82.5-180.0 180.0   5.0 450.0                            LAT/LON1/LON2/DLON/H
  150  150  150  151  151  151  151  152  153  154  156  157  159  161  164  166
  168  171  173  175  176  178  179  180  181  182  182  183  183  183  183  183
  182  181  180  179  177  175  173  171  168  166  163  161  158  156  153  151
  149  148  147  145  145  144  144  144  144  144  144  144  145  146  146  147
  147  148  149  149  150  150  150  150  150
    80.0-180.0 180.0   5.0 450.0                            LAT/LON1/LON2/DLON/H
  161  159  157  155  154  152  151  150  149  149  150  151  153  155  158  160
  163  166  168  171  173  174  175  176  177  178  179  180  180  181  182  183
  184  184  184  184  183  183  181  180  178  177  175  173  171  170  168  167
  166  166  166  166  166  166  167  167  168  168  169  169  169  169  170  170
  169  169  169  168  167  166  165  163  161
    77.5-180.0 180.0   5.0 450.0                            LAT/LON1/LON2/DLON/H
  174  169  165  161  156  152  149  146  143  142  141  142  143  145  148  151
  154  158  160  163  164  166  166  167  167  168  168  169  171  173  175  177
  180  182  184  186  187  188  189  189  189  189  189  189  189  189  189  190
  191  192  194  195  197  199  200  201  202  203  203  203  202  201  200  199
  197  195  193  191  188  185  181  178  174
    75.0-180.0 180.0   5.0 450.0                            LAT/LON1/LON2/DLON/H
  183  177  170  164  158  152  146  141  137  134  132  132  133  135  137  141
  145  149  152  154  156  156  156  156  155  154  155  156  158  161  165  169
  173  178  182  186  189  192  195  198  200  202  204  206  209  211  213  216
  219  222  225  228  232  234  237  239  240  240  239  238  236  233  230  226
  223  219  215  210  206  200  195  189  183
    72.5-180.0 180.0   5.0 450.0                            LAT/LON1/LON2/DLON/H
  186  179  171  164  157  150  144  138  132  128  125  123  124  125  128  133
  137  142  145  148  149  149  148  146  144  143  143  144  146  150  155  161
  167  173  179  185  191  197  202  207  211  216  220  224  228  232  236  240
  244  248  253  257  261  265  268  270  270  270  268  265  261  256  250  245
  239  233  227  221  214  208  201  193  186
    70.0-180.0 180.0   5.0 450.0                            LAT/LON1/LON2/DLON/H
  180  173  166  159  153  147  141  135  129  124  120  118  117  119  122  126
  131  137  141  144  145  145  143  140  138  136  135  136  139  143  149  156
  164  171  179  187  194  202  209  216  223  230  235  241  245  249  253  257
  261  265  270  274  279  283  286  287  287  286  283  278  271  264  256  248
  241  233  226  218  211  203  196  188  180
    67.5-180.0 180.0   5.0 450.0                            LAT/LON1/LON2/DLON/H
  167  161  155  150  146  141  136  132  127  122  118  115  113  114  117  121
  127  132  137  141  143  142  141  138  135  133  132  134  137  142  149  157
  165  173  182  191  200  209  218  227  236  244  250  255  259  262  264  266
  268  271  274  277  281  284  286  288  287  285  280  274  266  256  247  237
  228  220  212  204  197  189  181  174  167
    65.0-180.0 180.0   5.0 450.0                            LAT/LON1/LON2/DLON/H
  150  144  140  138  135  133  130  127  124  120  116  112  110  110  112  115
  121  126  132  136  139  140  139  137  135  133  133  135  139  145  153  161
  170  179  188  197  208  218  230  240  250  259  265  268  269  269  268  267
  266  266  266  268  270  271  273  273  272  269  264  257  247  237  226  216
  206  198  191  184  177  170  163  156  150
    62.5-180.0 180.0   5.0 450.0                            LAT/LON1/LON2/DLON/H
  134  129  126  125  124  123  122  120  118  115  112  109  106  105  105  108
  112  118  123  128  132  134  135  135  135  135  136  139  144  151  158  167
  176  186  196  207  218  231  244  256  267  275  279  280  278  273  268  263
  258  255  253  252  251  251  251  251  250  247  242  234  224  213  202  192
  184  177  171  165  160  153  146  140  134
    60.0-180.0 180.0   5.0 450.0                            LAT/LON1/LON2/DLON/H
  125  120  117  115  113  112  111  110  109  107  104  102   99   97   96   97
  100  105  111  116  121  125  128  131  133  135  138  142  148  155  164  173
  183  194  205  218  231  245  260  273  285  292  294  292  286  277  268  259
  252  247  242  238  235  233  232  231  229  227  222  215  206  195  185  176
  169  164  160  156  151  145  138  132  125
    57.5-180.0 180.0   5.0 450.0                            LAT/LON1/LON2/DLON/H
  128  122  116  112  107  104  100   98   96   95   93   91   89   86   85   85
   87   91   96  102  108  113  119  124  129  133  138  143  150  158  167  177
  189  201  215  229  244  260  277  292  304  310  311  306  296  284  272  262
  254  247  241  235  230  226  222  220  219  217  213  207  199  189  180  172
  167  165  163  161  157  151  143  135  128
    55.0-180.0 180.0   5.0 450.0                            LAT/LON1/LON2/DLON/H
  142  133  125  117  108   99   92   86   82   81   80   79   77   75   73   72
   73   76   81   87   93  101  109  117  124  130  136  142  149  157  167  179
  192  207  223  239  257  276  294  311  323  330  329  322  310  297  285  275
  267  261  255  248  240  233  228  224  222  221  218  213  206  197  189  184
  181  180  180  179  175  169  160  151  142
    52.5-180.0 180.0   5.0 450.0                            LAT/LON1/LON2/DLON/H
  164  153  142  130  116  102   88   78   72   69   68   67   66   64   62   61
   62   65   69   74   82   90  100  110  120  127  134  140  147  155  165  178
  193  210  229  248  269  290  311  329  343  350  349  342  330  317  306  298
  293  288  283  275  265  255  247  242  239  237  235  231  224  217  210  206
  205  205  206  205  201  194  185  174  164
    50.0-180.0 180.0   5.0 450.0                            LAT/LON1/LON2/DLON/H
  186  175  163  148  130  111   93   77   67   62   61   60   58   56   54   54
   55   57   61   67   74   84   95  107  118  127  133  139  145  153  163  177
  193  212  233  255  278  303  326  348  363  372  372  366  355  344  336  331
  328  326  320  311  299  286  275  266  262  259  257  253  247  241  236  233
  232  234  234  233  228  219  209  198  186
    47.5-180.0 180.0   5.0 450.0                            LAT/LON1/LON2/DLON/H
  204  193  181  166  148  126  104   86   73   65   61   59   56   53   51   50
   52   55   59   64   72   82   95  108  120  129  135  140  146  153  163  176
  193  212  235  260  286  314  342  367  386  397  399  395  386  378  372  370
  369  366  360  349  333  317  302  291  284  280  277  272  267  262  257  255
  256  257  257  254  247  237  225  214  204
    45.0-180.0 180.0   5.0 450.0                            LAT/LON1/LON2/DLON/H
  210  202  193  181  164  144  122  103   88   78   72   66   61   55   52   51
   54   57   61   66   73   84   98  113  126  135  142  146  151  157  166  178
  193  213  236  263  293  326  358  388  411  425  430  428  421  415  411  409
  408  404  395  380  362  342  324  311  301  295  290  284  279  274  271  269
  270  270  268  263  253  242  230  219  210
    42.5-180.0 180.0   5.0 450.0                            LAT/LON1/LON2/DLON/H
  204  199  194  187  176  161  143  125  110   99   90   81   72   63   57   56
   58   62   66   70   77   88  103  120  134  144  151  156  161  167  174  184
  196  214  237  266  301  338  377  412  440  458  465  465  459  453  449  446
  442  435  422  404  382  359  339  323  311  302  295  288  283  278  275  275
  275  274  269  261  249  236  223  212  204
    40.0-180.0 180.0   5.0 450.0                            LAT/LON1/LON2/DLON/H
  191  187  185  184  181  173  162  149  136  125  114  101   88   75   66   64
   65   68   71   74   81   93  110  128  144  155  163  169  175  181  187  194
  203  218  241  272  310  354  399  440  473  494  503  503  498  491  485  479
  471  460  443  421  397  372  350  333  319  307  298  290  283  279  276  276
  275  272  266  255  240  224  210  199  191
    37.5-180.0 180.0   5.0 450.0                            LAT/LON1/LON2/DLON/H
  178  172  172  175  178  179  176  169  160  150  138  124  106   90   79   74
   74   76   77   79   85   98  116  137  154  167  177  185  193  200  205  209
  215  227  249  282  325  375  426  473  509  531  541  541  535  527  519  510
  499  484  464  441  415  390  367  348  332  319  307  297  289  285  283  281
  279  275  266  252  235  217  201  188  178
    35.0-180.0 180.0   5.0 450.0                            LAT/LON1/LON2/DLON/H
  173  163  161  165  173  181  184  183  178  170  159  144  125  107   94   87
   85   85   84   85   91  104  124  146  165  179  190  201  213  222  228  230
  233  242  263  298  345  400  456  507  545  568  577  576  569  561  552  542
  530  515  496  473  447  422  398  378  360  345  330  319  311  305  302  300
  296  288  277  261  243  224  205  188  173
    32.5-180.0 180.0   5.0 450.0                            LAT/LON1/LON2/DLON/H
  185  168  160  161  171  181  188  190  188  183  174  160  143  125  111  103
   99   97   95   94   99  114  135  158  177  192  204  218  233  246  253  255
  257  265  287  323  372  430  489  540  578  600  608  607  601  594  587  580
  571  559  544  524  501  475  451  428  408  390  375  362  352  346  341  335
  328  318  305  288  268  248  227  205  185
    30.0-180.0 180.0   5.0 450.0                            LAT/LON1/LON2/DLON/H
  214  190  174  170  176  185  192  193  192  188  182  172  157  141  129  120
  116  112  108  107  113  128  150  173  191  205  218  234  253  270  281  285
  288  297  319  356  406  464  522  572  607  626  634  634  631  629  627  625
  623  619  612  598  577  551  524  498  476  456  439  425  414  405  397  387
  375  362  346  329  310  290  267  242  214
    27.5-180.0 180.0   5.0 450.0                            LAT/LON1/LON2/DLON/H
  259  227  204  193  193  197  199  197  193  190  185  179  168  157  146  139
  134  130  126  125  131  147  169  190  207  219  231  249  271  294  310  319
  325  336  359  396  445  500  554  599  630  647  655  658  661  666  672  679
  687  693  695  688  669  641  610  580  554  533  515  501  489  478  464  448
  431  413  395  377  360  341  319  291  259
    25.0-180.0 180.0   5.0 450.0                            LAT/LON1/LON2/DLON/H
  310  274  246  229  222  219  214  206  197  192  188  184  177  170  163  157
  152  148  145  145  153  169  190  210  224  233  244  262  288  315  338  353
  365  380  405  442  487  537  584  622  648  664  674  683  694  706  721  737
  755  772  783  782  764  733  696  661  632  609  592  579  566  551  532  509
  484  461  440  423  407  391  371  344  310
    22.5-180.0 180.0   5.0 450.0                            LAT/LON1/LON2/DLON/H
  356  321  292  272  260  250  237  222  208  198  193  189  185  181  176  172
  168  165  163  165  174  190  209  227  239  246  255  273  301  334  363  386
  405  426  454  490  531  574  613  643  665  681  695  711  729  750  771  794
  819  844  862  864  846  810  767  727  696  674  658  646  632  614  588  557
  524  495  472  454  440  427  411  388  356
    20.0-180.0 180.0   5.0 450.0                            LAT/LON1/LON2/DLON/H
  388  359  332  313  299  285  266  245  226  212  204  198  193  189  186  183
  179  177  177  181  191  206  223  239  249  255  264  282  312  349  385  416
  443  470  501  536  574  610  641  665  684  701  720  743  768  793  817  842
  870  898  918  921  900  860  812  769  738  717  704  693  679  658  626  587
  546  511  484  465  453  443  432  414  388
    17.5-180.0 180.0   5.0 450.0                            LAT/LON1/LON2/DLON/H
  401  380  360  345  332  316  295  272  251  234  221  210  202  196  193  189
  186  184  185  190  199  213  228  243  253  261  270  289  321  361  402  441
  476  509  543  579  614  645  671  691  707  726  750  779  808  834  856  876
  900  924  943  944  921  879  829  786  756  739  729  720  705  681  644  598
  550  508  477  457  445  438  431  419  401
    15.0-180.0 180.0   5.0 450.0                            LAT/LON1/LON2/DLON/H
  398  385  373  363  353  338  319  297  277  260  242  226  212  203  197  193
  189  187  188  192  200  210  223  237  250  261  274  295  327  370  416  460
  501  540  578  615  649  679  702  720  737  758  785  817  846  867  882  893
  907  924  937  936  912  870  823  783  757  744  737  729  714  687  647  595
  541  495  460  438  425  418  414  408  398
    12.5-180.0 180.0   5.0 450.0                            LAT/LON1/LON2/DLON/H
  387  380  373  367  359  347  331  315  301  285  265  243  224  210  202  196
  191  188  188  190  193  198  208  223  240  257  276  300  334  377  425  473
  519  562  603  642  679  710  734  752  769  791  820  850  875  889  893  893
  895  903  910  906  885  848  806  773  753  744  738  730  714  686  643  589
  532  482  444  419  404  397  394  392  387
    10.0-180.0 180.0   5.0 450.0                            LAT/LON1/LON2/DLON/H
  379  374  368  362  354  343  332  324  317  306  286  261  236  219  209  202
  195  190  188  186  183  182  189  204  227  252  277  305  341  384  433  483
  530  575  618  660  701  736  763  783  801  822  848  873  891  896  890  880
  872  871  874  871  855  827  795  770  756  749  743  733  715  686  644  589
  532  480  440  413  396  387  384  382  379
     7.5-180.0 180.0   5.0 450.0                            LAT/LON1/LON2/DLON/H
  386  379  369  358  344  332  323  322  323  319  302  275  249  231  220  212
  204  198  191  184  175  167  169  185  213  246  278  311  348  391  439  488
  535  580  624  668  713  753  785  807  824  842  862  881  891  888  876  860
  848  844  846  846  839  822  801  784  773  766  757  743  723  695  654  602
  547  496  456  428  409  398  393  390  386
     5.0-180.0 180.0   5.0 450.0                            LAT/LON1/LON2/DLON/H
  414  402  384  363  340  321  312  314  322  323  310  286  261  243  234  227
  219  210  200  188  171  157  154  169  201  241  280  318  356  398  444  491
  536  579  622  667  714  759  795  819  834  847  859  869  872  867  854  841
  831  830  836  842  844  838  827  816  806  795  781  762  739  711  673  627
  576  529  491  462  442  430  424  420  414
     2.5-180.0 180.0   5.0 450.0                            LAT/LON1/LON2/DLON/H
  460  443  416  383  349  320  305  306  316  321  312  291  270  256  249  244
  236  226  214  197  174  153  145  159  193  237  282  323  362  402  446  491
  533  573  612  655  703  751  790  814  827  833  837  840  839  835  830  826
  827  834  846  860  870  873  868  858  845  828  806  781  755  728  695  655
  611  570  535  508  489  478  472  468  460
