COD0OPSRAP_20241860000_01D_01H_GIM.INX
     1.0            IONOSPHERE MAPS     GNSS                IONEX VERSION / TYPE
ADDNEQ2 V5.5        AIUB                05-JUL-24 21:44     PGM / RUN BY / DATE 
CODE'S RAPID IONOSPHERE MAPS FOR DAY 186, 2024              COMMENT             
Global ionosphere maps (GIM) are generated on a daily basis DESCRIPTION         
at CODE using data from about 120 GNSS sites of the IGS and DESCRIPTION         
other institutions. The vertical total electron content     DESCRIPTION         
(VTEC) is modeled in a solar-geomagnetic reference frame    DESCRIPTION         
using a spherical harmonics expansion up to degree and      DESCRIPTION         
order 15. Piece-wise linear functions are used for          DESCRIPTION         
representation in the time domain. The time spacing of      DESCRIPTION         
their vertices is 1 hour, conforming with the epochs of the DESCRIPTION         
VTEC maps.                                                  DESCRIPTION         
To convert line-of-sight TEC into vertical TEC, a modified  DESCRIPTION         
single-layer model mapping function approximating the JPL   DESCRIPTION         
extended slab model mapping function is adopted. The        DESCRIPTION         
mapping function is evaluated at geodetic satellite         DESCRIPTION         
elevation angles. For the computation of the ionospheric    DESCRIPTION         
pierce points, a spherical layer with a radius of 6821 km   DESCRIPTION         
is assumed, implying geocentric, not geodetic IONEX         DESCRIPTION         
latitudes.                                                  DESCRIPTION         
Instrumental biases with respect to each involved GNSS code DESCRIPTION         
observable are estimated as constant values for each        DESCRIPTION         
day. They are modeled with one set of bias parameters for   DESCRIPTION         
each satellite and each station in case of GPS and for each DESCRIPTION         
satellite-station link in case of GLONASS. The code bias    DESCRIPTION         
datum is defined by zero-mean conditions imposed on the     DESCRIPTION         
satellite bias estimates. In this file, just GPS C1W-C2W    DESCRIPTION         
satellite and station bias values are included. The         DESCRIPTION         
complete set of GNSS code bias results is provided in an    DESCRIPTION         
additional Bias-SINEX file as pseudo-absolute values        DESCRIPTION         
specific to each observable.                                DESCRIPTION         
Note: These GIM results correspond to the results for the   DESCRIPTION         
last day of a 3-day combination analysis solving for 73     DESCRIPTION         
times 256, or 18688 VTEC parameters and 3 daily sets of     DESCRIPTION         
GNSS code bias parameters.                                  DESCRIPTION         
Contact address: code(at)aiub.unibe.ch                      DESCRIPTION         
Data archive:    ftp.aiub.unibe.ch/CODE/                    DESCRIPTION         
                 www.aiub.unibe.ch/download/CODE/           DESCRIPTION         
  2024     7     4     0     0     0                        EPOCH OF FIRST MAP  
  2024     7     5     0     0     0                        EPOCH OF LAST MAP   
  3600                                                      INTERVAL            
[...]
    87.5 -87.5  -2.5                                        LAT1 / LAT2 / DLAT  
  -180.0 180.0   5.0                                        LON1 / LON2 / DLON  
    -1                                                      EXPONENT            
TEC/RMS values in 0.1 TECU; 9999, if no value available     COMMENT             
Peak TEC values for the included maps:                      COMMENT             
 745  743  743  749  778  842  851  821  828  813  770  728 COMMENT             
 772  789  808  809  799  806  800  758  700  722  742  764 COMMENT             
 774                                                        COMMENT             
List of stations:                                           COMMENT             
adis albh alic amu2 areq ascg aspa auck bake bjfs bogo bor1 COMMENT             
braz brft brst brux cas1 ccj2 cedu chti chur cord cpvg cro1 COMMENT             
darw dav1 dgar dubo faa1 fair flin flrs frdn func ganp glps COMMENT             
gode gope gras graz guam hers hert hnpt hob2 hofn hrao iisc COMMENT             
ineg invk iqal joz2 jplm kerg kir0 kit3 kokv kour lpal lpgs COMMENT             
mac1 mal2 mas1 mat1 mate maw1 mcm4 mizu mkea mobs mtka nano COMMENT             
nklg nnor ntus nya1 onsa opmt park pdel pert pimo pots qaq1 COMMENT             
rabt ramo reun reyk rio2 sant sch2 sofi sthl stjo str2 suth COMMENT             
sydn syog tabv tash thti tid1 tn22 tow2 ulab unb3 unbj unsa COMMENT             
urum usud vald whit wind wtzz xmis yarr yel2 ykro zim2 zimm COMMENT             
                                                            END OF HEADER       
[from data line 5577]
    14                                                      START OF TEC MAP    
  2024     7     4    13     0     0                        EPOCH OF CURRENT MAP
    87.5-180.0 180.0   5.0 450.0                            LAT/LON1/LON2/DLON/H
  246  247  249  250  251  253  254  255  256  257  258  259  260  260  261  261
  261  261  260  260  259  258  257  255  254  252  251  249  247  245  244  242
  240  238  237  235  233  232  231  229  228  228  227  226  226  226  225  225
  226  226  226  227  227  228  229  230  230  231  232  233  234  235  236  237
  238  239  240  241  242  243  244  245  246
    85.0-180.0 180.0   5.0 450.0                            LAT/LON1/LON2/DLON/H
  241  243  245  248  250  253  256  259  262  265  267  270  272  274  275  275
  276  275  275  273  272  269  267  264  261  258  255  251  248  244  241  238
  234  231  228  225  222  220  218  215  214  212  211  211  210  210  211  212
  213  214  216  217  219  221  223  225  227  228  230  231  232  233  234  234
  235  235  236  236  237  238  239  240  241
    82.5-180.0 180.0   5.0 450.0                            LAT/LON1/LON2/DLON/H
  230  232  234  237  240  244  249  254  258  263  268  272  276  279  281  283
  283  283  281  279  276  273  269  265  261  256  252  248  244  240  236  232
  229  225  222  219  216  212  210  207  205  203  202  201  201  201  203  205
  207  210  214  218  221  225  229  232  234  237  238  239  239  239  239  238
  236  235  233  232  231  230  229  230  230
    80.0-180.0 180.0   5.0 450.0                            LAT/LON1/LON2/DLON/H
  217  217  219  221  224  229  234  241  247  254  260  266  271  275  279  280
  281  280  278  275  271  267  262  257  252  247  243  239  236  233  231  228
  226  224  222  220  217  214  211  208  206  203  201  200  200  201  204  207
  211  216  222  228  233  239  244  248  252  254  255  255  254  253  250  247
  243  239  234  230  226  223  220  218  217
    77.5-180.0 180.0   5.0 450.0                            LAT/LON1/LON2/DLON/H
  207  205  204  206  208  212  218  224  231  239  246  253  259  264  267  269
  269  268  265  262  257  252  247  242  238  234  231  229  228  228  228  229
  230  230  231  230  229  227  224  221  217  214  211  209  209  210  213  217
  223  230  237  245  252  259  265  270  273  275  275  274  272  268  263  258
  252  245  238  232  225  219  214  210  207
    75.0-180.0 180.0   5.0 450.0                            LAT/LON1/LON2/DLON/H
  203  199  197  196  197  200  204  210  216  223  230  237  243  247  250  252
  251  250  247  243  238  233  229  225  222  220  219  220  222  225  229  234
  238  243  246  248  248  247  245  241  237  232  229  226  225  226  229  234
  240  248  256  265  273  280  286  290  292  292  291  288  284  279  273  266
  259  251  243  236  228  221  214  208  203
    72.5-180.0 180.0   5.0 450.0                            LAT/LON1/LON2/DLON/H
  206  201  197  195  194  195  197  201  206  211  217  222  226  230  232  232
  231  229  226  223  219  215  212  210  209  210  212  215  221  227  235  243
  251  258  264  269  271  270  268  264  259  254  249  246  244  245  248  252
  259  267  275  283  290  296  300  302  302  300  296  292  286  280  274  267
  260  253  246  239  232  225  218  212  206
    70.0-180.0 180.0   5.0 450.0                            LAT/LON1/LON2/DLON/H
  214  209  204  201  198  197  198  199  201  204  208  211  213  215  215  215
  213  211  209  206  204  202  201  202  203  206  211  217  224  233  243  253
  264  273  281  287  290  291  289  285  279  274  269  265  263  264  266  271
  277  283  290  296  301  303  304  303  300  295  289  283  276  270  264  259
  254  249  245  240  235  230  225  219  214
    67.5-180.0 180.0   5.0 450.0                            LAT/LON1/LON2/DLON/H
  222  218  214  210  207  205  203  203  203  204  204  205  205  205  204  203
  201  199  197  196  196  196  198  201  205  210  216  223  231  241  252  263
  274  285  294  300  303  304  302  298  293  288  283  280  279  280  283  286
  291  295  299  301  302  301  298  293  286  279  271  264  257  251  247  243
  241  239  237  236  234  232  229  226  222
    65.0-180.0 180.0   5.0 450.0                            LAT/LON1/LON2/DLON/H
  227  224  221  218  215  213  211  209  208  206  205  204  202  200  198  196
  195  193  193  193  195  198  202  206  212  218  224  231  239  249  259  270
  281  291  299  305  308  309  306  303  298  294  291  290  291  292  295  298
  300  302  302  300  297  292  285  277  268  258  250  242  235  231  228  226
  225  226  227  228  229  229  229  228  227
    62.5-180.0 180.0   5.0 450.0                            LAT/LON1/LON2/DLON/H
  225  224  222  220  218  216  214  213  211  209  207  205  203  200  198  196
  195  194  194  196  199  204  209  215  221  227  233  240  247  255  264  274
  284  293  301  305  307  307  304  300  297  294  294  295  298  301  303  305
  305  304  300  295  288  280  271  261  251  241  233  226  220  216  214  213
  214  214  216  218  220  222  224  225  225
    60.0-180.0 180.0   5.0 450.0                            LAT/LON1/LON2/DLON/H
  218  217  216  215  214  212  211  211  210  209  208  207  205  203  201  200
  199  199  201  203  207  212  218  225  231  236  241  246  252  260  268  278
  287  295  301  304  305  303  299  295  292  291  293  296  301  305  308  309
  308  303  297  289  280  271  262  252  243  235  228  223  218  215  213  212
  211  211  211  211  213  214  216  217  218
    57.5-180.0 180.0   5.0 450.0                            LAT/LON1/LON2/DLON/H
  208  207  206  204  203  202  202  203  204  205  206  206  205  205  205  206
  206  208  209  212  216  221  227  233  238  243  247  252  258  265  274  283
  292  299  304  306  305  302  297  292  289  289  291  297  303  308  311  311
  308  302  295  286  277  269  261  254  248  243  239  235  232  230  227  224
  221  217  214  212  210  210  209  209  208
    55.0-180.0 180.0   5.0 450.0                            LAT/LON1/LON2/DLON/H
  202  198  195  191  189  188  188  190  193  197  200  202  204  206  209  212
  214  217  219  222  225  230  235  241  246  250  254  258  264  272  282  292
  301  308  313  314  313  308  302  295  291  290  292  298  304  310  313  312
  308  302  295  287  280  275  271  268  266  264  262  261  259  257  253  248
  242  235  228  222  216  212  208  205  202
    52.5-180.0 180.0   5.0 450.0                            LAT/LON1/LON2/DLON/H
  201  195  188  183  178  175  175  177  181  186  192  197  202  206  211  217
  222  226  229  231  235  239  244  250  255  259  263  268  276  285  296  307
  316  323  328  329  328  322  315  306  300  297  298  302  308  313  315  314
  310  304  298  293  290  288  288  289  290  291  292  292  291  289  285  279
  271  261  251  240  231  223  215  208  201
    50.0-180.0 180.0   5.0 450.0                            LAT/LON1/LON2/DLON/H
  209  199  190  181  174  169  166  167  171  177  184  192  198  205  213  221
  229  235  239  242  245  250  256  263  269  274  279  285  293  304  316  327
  336  343  348  350  349  345  336  326  317  311  309  311  315  318  318  317
  313  309  305  303  303  304  308  311  315  317  319  320  319  317  314  308
  299  289  276  264  252  240  230  219  209
    47.5-180.0 180.0   5.0 450.0                            LAT/LON1/LON2/DLON/H
  222  210  199  189  180  171  166  164  166  172  180  188  196  205  215  226
  236  244  249  253  257  264  272  281  289  295  301  308  317  328  340  350
  359  365  371  374  376  373  365  354  342  332  327  325  326  327  326  323
  320  317  315  315  317  321  325  330  333  336  337  337  337  335  333  329
  322  312  300  287  273  260  247  234  222
    45.0-180.0 180.0   5.0 450.0                            LAT/LON1/LON2/DLON/H
  237  225  214  204  193  182  173  168  168  172  180  188  197  207  218  231
  243  253  260  266  272  280  291  303  313  322  329  337  346  356  367  376
  383  388  394  401  405  406  400  388  374  361  352  347  344  342  339  336
  332  330  329  330  332  336  339  342  344  344  343  342  341  341  340  338
  334  327  316  304  291  277  263  250  237
    42.5-180.0 180.0   5.0 450.0                            LAT/LON1/LON2/DLON/H
  249  239  230  222  211  199  187  177  174  176  183  191  200  210  223  237
  251  263  272  280  288  299  313  327  340  351  359  367  376  385  395  402
  407  412  419  429  438  442  439  427  412  396  384  377  371  366  361  356
  352  349  347  347  347  348  349  348  347  344  341  339  337  337  338  339
  338  333  325  314  301  288  274  261  249
    40.0-180.0 180.0   5.0 450.0                            LAT/LON1/LON2/DLON/H
  255  248  243  237  229  217  202  189  183  183  188  196  205  215  229  244
  260  274  285  295  305  318  334  350  365  377  387  395  403  413  421  428
  433  439  448  461  475  483  483  472  455  438  424  415  407  400  393  386
  379  374  370  367  364  362  358  354  349  344  339  335  332  332  334  336
  337  334  327  316  304  291  278  266  255
    37.5-180.0 180.0   5.0 450.0                            LAT/LON1/LON2/DLON/H
  257  252  250  249  243  231  215  200  191  189  193  200  210  221  235  251
  269  284  298  310  322  336  352  369  385  397  408  417  426  437  448  456
  464  472  484  500  517  529  531  521  503  485  471  460  452  443  434  424
  415  407  399  392  385  379  372  364  357  350  344  339  336  334  335  337
  338  335  328  316  304  291  278  266  257
    35.0-180.0 180.0   5.0 450.0                            LAT/LON1/LON2/DLON/H
  258  254  254  255  252  241  225  207  196  192  196  204  214  226  241  258
  276  294  309  323  337  351  366  382  396  409  420  431  444  458  474  488
  501  513  528  546  565  579  581  571  553  535  521  511  502  492  481  469
  457  445  433  422  413  403  393  383  375  368  363  358  353  349  347  347
  346  341  331  318  305  292  279  267  258
    32.5-180.0 180.0   5.0 450.0                            LAT/LON1/LON2/DLON/H
  263  258  257  258  256  246  230  211  198  193  197  205  216  229  245  263
  283  302  319  335  349  363  375  388  400  413  426  440  457  477  501  524
  544  562  579  598  617  630  631  620  602  584  571  562  553  543  530  516
  501  486  471  458  446  435  423  412  404  398  395  390  383  376  370  366
  361  353  341  326  312  298  286  274  263
    30.0-180.0 180.0   5.0 450.0                            LAT/LON1/LON2/DLON/H
  277  268  263  262  259  249  233  214  200  194  196  204  216  230  247  267
  287  307  327  345  360  371  380  389  399  411  426  444  467  496  529  562
  591  615  633  650  666  675  674  662  644  627  616  609  601  590  576  560
  543  526  510  496  484  472  459  448  439  435  432  428  419  407  397  388
  380  369  355  340  326  314  302  289  277
    27.5-180.0 180.0   5.0 450.0                            LAT/LON1/LON2/DLON/H
  299  285  275  270  264  254  237  218  204  196  197  204  215  230  248  267
  288  310  332  352  368  378  383  388  396  408  426  449  478  515  558  601
  638  665  683  695  705  709  705  692  675  660  651  646  640  629  614  597
  579  562  546  533  522  510  496  482  471  467  465  459  448  432  418  406
  395  383  369  355  344  336  326  314  299
    25.0-180.0 180.0   5.0 450.0                            LAT/LON1/LON2/DLON/H
  326  308  292  282  273  261  245  227  212  203  201  205  215  229  247  266
  287  310  334  356  373  382  386  388  394  408  428  456  492  535  585  635
  677  705  719  725  727  726  719  707  692  680  674  671  666  655  640  623
  607  590  577  566  557  544  526  507  492  484  480  472  458  439  421  408
  397  386  375  366  361  357  352  342  326
    22.5-180.0 180.0   5.0 450.0                            LAT/LON1/LON2/DLON/H
  350  329  310  295  283  271  256  240  225  214  209  209  216  229  245  264
  284  307  333  357  376  386  388  390  397  412  437  468  508  555  608  661
  704  729  737  735  728  722  715  705  695  687  685  684  680  669  654  639
  624  611  600  593  584  569  545  517  493  479  470  459  442  421  402  389
  381  374  368  366  367  371  371  365  350
    20.0-180.0 180.0   5.0 450.0                            LAT/LON1/LON2/DLON/H
  361  342  322  304  291  281  268  254  240  228  219  215  219  228  243  260
  279  302  328  355  375  387  391  395  404  423  451  485  526  573  625  675
  715  735  736  725  712  703  697  692  687  685  686  687  683  673  659  645
  633  623  617  612  603  583  550  510  476  453  437  422  401  379  362  352
  347  345  345  349  358  368  375  373  361
    17.5-180.0 180.0   5.0 450.0                            LAT/LON1/LON2/DLON/H
  355  340  321  305  294  285  277  266  253  240  228  221  220  227  239  254
  273  295  321  349  372  386  393  401  415  438  469  506  546  590  636  680
  713  727  721  703  686  676  673  674  675  678  682  684  680  670  657  645
  637  631  628  625  614  588  543  491  445  413  390  370  347  326  311  304
  303  304  309  318  332  347  359  362  355
    15.0-180.0 180.0   5.0 450.0                            LAT/LON1/LON2/DLON/H
  329  320  307  294  286  281  276  269  258  246  233  223  219  223  234  248
  265  286  312  340  365  382  395  408  428  456  490  528  566  605  644  679
  704  711  700  680  661  653  654  659  665  672  678  680  676  666  654  645
  639  637  636  634  620  587  533  469  413  373  345  321  298  278  266  261
  261  263  269  280  295  311  324  331  329
    12.5-180.0 180.0   5.0 450.0                            LAT/LON1/LON2/DLON/H
  289  286  279  271  266  264  263  259  251  240  228  218  213  215  225  238
  255  276  302  330  356  377  395  415  441  473  511  549  587  621  651  678
  695  699  687  666  649  643  648  656  665  672  678  679  674  664  654  647
  644  643  643  640  624  586  524  454  393  349  318  293  270  253  243  239
  236  234  236  245  257  269  280  287  289
    10.0-180.0 180.0   5.0 450.0                            LAT/LON1/LON2/DLON/H
  245  246  244  240  238  238  238  236  231  222  212  204  199  202  211  226
  244  265  291  319  346  371  396  422  453  490  530  570  606  637  662  681
  695  697  688  671  658  654  659  668  675  679  682  681  675  666  657  652
  650  650  650  646  629  588  524  454  393  351  322  298  278  263  255  248
  239  229  223  224  229  234  238  242  245
     7.5-180.0 180.0   5.0 450.0                            LAT/LON1/LON2/DLON/H
  209  211  210  208  206  206  205  203  199  193  187  181  179  183  194  210
  230  254  280  309  338  367  396  429  465  504  546  588  625  655  676  692
  704  710  706  695  686  683  686  690  692  691  689  684  677  668  662  658
  656  655  654  650  632  593  533  469  415  380  357  338  322  311  303  291
  272  251  235  227  222  217  211  208  209
     5.0-180.0 180.0   5.0 450.0                            LAT/LON1/LON2/DLON/H
  190  189  187  183  179  175  171  167  162  158  155  153  153  159  172  192
  215  242  271  301  332  365  399  436  475  516  559  603  642  672  693  709
  722  732  736  732  726  722  720  716  710  701  692  684  675  668  664  661
  658  654  652  647  632  598  547  494  453  428  414  402  392  385  377  360
  331  297  270  253  239  223  206  195  190
     2.5-180.0 180.0   5.0 450.0                            LAT/LON1/LON2/DLON/H
  192  185  179  170  161  153  144  134  127  124  123  124  127  135  150  172
  199  230  263  296  330  365  403  443  483  525  568  613  654  687  709  725
  741  756  766  768  764  757  747  735  718  701  686  674  666  660  657  654
  649  643  638  634  622  596  556  517  491  479  475  471  468  466  458  436
  398  354  319  295  274  250  225  204  192
