COD0OPSRAP_20241840000_01D_01H_GIM.INX
     1.0            IONOSPHERE MAPS     GNSS                IONEX VERSION / TYPE
ADDNEQ2 V5.5        AIUB                03-JUL-24 08:11     PGM / RUN BY / DATE 
CODE'S RAPID IONOSPHERE MAPS FOR DAY 184, 2024              COMMENT             
Global ionosphere maps (GIM) are generated on a daily basis DESCRIPTION         
at CODE using data from about 120 GNSS sites of the IGS and DESCRIPTION         
other institutions. The vertical total electron content     DESCRIPTION         
(VTEC) is modeled in a solar-geomagnetic reference frame    DESCRIPTION         
using a spherical harmonics expansion up to degree and      DESCRIPTION         
order 15. Piece-wise linear functions are used for          DESCRIPTION         
representation in the time domain. The time spacing of      DESCRIPTION         
their vertices is 1 hour, conforming with the epochs of the DESCRIPTION         
VTEC maps.                                                  DESCRIPTION         
To convert line-of-sight TEC into vertical TEC, a modified  DESCRIPTION         
single-layer model mapping function approximating the JPL   DESCRIPTION         
extended slab model mapping function is adopted. The        DESCRIPTION         
mapping function is evaluated at geodetic satellite         DESCRIPTION         
elevation angles. For the computation of the ionospheric    DESCRIPTION         
pierce points, a spherical layer with a radius of 6821 km   DESCRIPTION         
is assumed, implying geocentric, not geodetic IONEX         DESCRIPTION         
latitudes.                                                  DESCRIPTION         
Instrumental biases with respect to each involved GNSS code DESCRIPTION         
observable are estimated as constant values for each        DESCRIPTION         
day. They are modeled with one set of bias parameters for   DESCRIPTION         
each satellite and each station in case of GPS and for each DESCRIPTION         
satellite-station link in case of GLONASS. The code bias    DESCRIPTION         
datum is defined by zero-mean conditions imposed on the     DESCRIPTION         
satellite bias estimates. In this file, just GPS C1W-C2W    DESCRIPTION         
satellite and station bias values are included. The         DESCRIPTION         
complete set of GNSS code bias results is provided in an    DESCRIPTION         
additional Bias-SINEX file as pseudo-absolute values        DESCRIPTION         
specific to each observable.                                DESCRIPTION         
Note: These GIM results correspond to the results for the   DESCRIPTION         
last day of a 3-day combination analysis solving for 73     DESCRIPTION         
times 256, or 18688 VTEC parameters and 3 daily sets of     DESCRIPTION         
GNSS code bias parameters.                                  DESCRIPTION         
Contact address: code(at)aiub.unibe.ch                      DESCRIPTION         
Data archive:    ftp.aiub.unibe.ch/CODE/                    DESCRIPTION         
                 www.aiub.unibe.ch/download/CODE/           DESCRIPTION         
  2024     7     2     0     0     0                        EPOCH OF FIRST MAP  
  2024     7     3     0     0     0                        EPOCH OF LAST MAP   
  3600                                                      INTERVAL            
[...]
    87.5 -87.5  -2.5                                        LAT1 / LAT2 / DLAT  
  -180.0 180.0   5.0                                        LON1 / LON2 / DLON  
    -1                                                      EXPONENT            
TEC/RMS values in 0.1 TECU; 9999, if no value available     COMMENT             
Peak TEC values for the included maps:                      COMMENT             
 789  804  805  805  824  789  803  825  821  783  729  697 COMMENT             
 717  715  706  720  726  735  734  734  738  750  763  770 COMMENT             
 773                                                        COMMENT             
List of stations:                                           COMMENT             
adis albh algo alic amu2 areq ascg aspa auck bake bogo bor1 COMMENT             
braz brft brst brux cas1 ccj2 cedu chti chur cord cpvg cro1 COMMENT             
darw dav1 dgar dubo faa1 fair flin flrs frdn func ganp glps COMMENT             
glsv gode gope gras graz guam hert hnpt hob2 hofn hrao iisc COMMENT             
ineg invk iqal joz2 jplm kerg kir0 kit3 kokv kour lpal lpgs COMMENT             
mac1 mal2 mas1 mat1 mate maw1 mcm4 mizu mkea mobs mtka nano COMMENT             
nklg nnor ntus nya1 onsa park pdel pert pimo pots qaq1 rabt COMMENT             
reun reyk rio2 sant sch2 scub sofi sthl stjo str2 suth sydn COMMENT             
syog tabv tash thti thu2 tid1 tn22 tow2 ulab unb3 unbj unsa COMMENT             
urum usud vald whit wind wtzz xmis yarr yel2 ykro zim2 zimm COMMENT             
                                                            END OF HEADER       
[from data line 8580]
    21                                                      START OF TEC MAP    
  2024     7     2    20     0     0                        EPOCH OF CURRENT MAP
    87.5-180.0 180.0   5.0 450.0                            LAT/LON1/LON2/DLON/H
  267  268  268  269  269  269  270  270  271  271  271  271  271  271  271  271
  270  270  269  268  267  266  265  264  263  261  260  259  257  256  255  253
  252  251  250  250  249  248  248  248  248  248  248  249  249  250  250  251
  252  253  254  255  255  256  257  258  259  260  261  261  262  263  263  264
  264  265  265  265  266  266  266  267  267
    85.0-180.0 180.0   5.0 450.0                            LAT/LON1/LON2/DLON/H
  258  259  259  260  262  263  265  266  268  270  271  272  274  275  275  275
  275  274  273  272  270  268  266  263  260  257  253  250  247  244  241  238
  235  233  231  230  228  228  227  227  227  228  228  230  231  232  234  236
  238  240  242  244  246  248  250  252  253  255  256  257  257  258  258  258
  258  258  258  258  258  257  258  258  258
    82.5-180.0 180.0   5.0 450.0                            LAT/LON1/LON2/DLON/H
  239  240  241  242  244  247  250  254  257  261  265  268  271  274  275  277
  277  277  276  274  271  268  265  260  256  251  246  241  236  231  227  223
  219  216  213  211  209  208  208  208  208  209  211  213  215  217  219  222
  225  228  231  234  236  239  242  244  246  247  249  249  250  250  250  249
  248  247  245  244  242  241  240  239  239
    80.0-180.0 180.0   5.0 450.0                            LAT/LON1/LON2/DLON/H
  218  218  218  220  223  227  232  237  243  249  255  260  265  269  273  275
  276  276  275  273  270  267  262  257  252  246  240  234  228  222  217  212
  208  204  201  199  198  197  197  197  198  199  201  203  205  207  209  212
  215  218  221  223  226  229  232  234  236  238  239  240  240  240  239  238
  236  234  231  228  226  223  221  219  218
    77.5-180.0 180.0   5.0 450.0                            LAT/LON1/LON2/DLON/H
  202  201  201  202  206  210  216  223  230  238  246  253  259  264  268  271
  272  272  272  270  267  263  259  254  248  242  236  230  224  218  213  208
  205  202  199  198  197  197  197  197  198  199  201  202  203  205  206  207
  209  211  212  214  216  219  221  223  225  227  229  230  231  231  230  229
  227  225  222  218  215  211  207  204  202
    75.0-180.0 180.0   5.0 450.0                            LAT/LON1/LON2/DLON/H
  199  196  195  195  198  202  208  216  224  232  241  248  254  259  263  265
  266  266  265  263  261  258  255  251  246  241  236  230  225  220  216  212
  210  208  207  206  206  206  207  208  208  209  209  209  209  209  208  208
  207  207  207  207  208  209  210  212  214  216  218  220  222  223  224  224
  223  222  220  218  214  210  206  202  199
    72.5-180.0 180.0   5.0 450.0                            LAT/LON1/LON2/DLON/H
  210  206  203  202  202  206  211  218  226  234  242  248  253  256  258  259
  259  258  257  256  254  253  251  248  245  241  237  233  229  226  223  221
  220  219  220  220  221  222  223  223  223  223  222  221  219  217  215  212
  209  206  204  202  200  200  201  202  205  207  210  213  216  219  222  224
  227  228  229  228  226  223  219  215  210
    70.0-180.0 180.0   5.0 450.0                            LAT/LON1/LON2/DLON/H
  234  228  223  219  218  220  223  229  235  242  248  252  255  256  255  254
  252  250  249  248  248  248  247  247  245  243  240  237  235  233  231  231
  231  232  234  236  237  239  239  239  238  237  235  233  230  226  222  218
  213  208  203  199  196  195  195  196  198  202  205  209  214  219  225  230
  236  241  245  248  249  247  244  240  234
    67.5-180.0 180.0   5.0 450.0                            LAT/LON1/LON2/DLON/H
  264  257  250  244  240  239  241  245  249  254  258  260  260  258  255  251
  248  245  243  243  244  245  246  246  246  245  243  241  239  238  238  239
  241  243  246  248  250  252  252  251  249  247  244  241  237  233  229  223
  217  210  204  198  195  193  193  194  197  200  205  210  216  223  231  240
  249  258  265  271  275  276  275  270  264
    65.0-180.0 180.0   5.0 450.0                            LAT/LON1/LON2/DLON/H
  293  285  276  268  262  259  259  261  264  267  268  267  265  261  256  251
  246  243  241  241  242  244  245  246  246  246  244  243  241  241  242  244
  247  250  253  256  258  259  259  257  254  251  247  244  241  237  232  227
  220  213  206  200  196  194  194  196  200  204  209  214  221  230  240  251
  263  274  284  293  299  302  302  299  293
    62.5-180.0 180.0   5.0 450.0                            LAT/LON1/LON2/DLON/H
  313  305  296  287  280  276  274  275  276  277  276  274  270  265  260  254
  249  245  243  243  244  245  246  247  246  245  243  241  241  242  244  246
  250  254  258  261  262  263  261  259  255  251  247  243  241  238  234  229
  223  216  209  203  199  197  198  201  205  210  215  221  228  237  248  261
  274  287  298  308  315  320  321  319  313
    60.0-180.0 180.0   5.0 450.0                            LAT/LON1/LON2/DLON/H
  324  317  308  299  292  287  285  285  285  285  283  279  275  270  265  260
  255  251  249  248  248  248  248  247  245  242  240  239  239  241  244  248
  253  257  261  264  265  265  263  259  255  250  246  242  240  237  235  231
  226  219  212  206  202  201  203  207  211  216  221  227  234  244  256  269
  282  294  305  313  320  325  328  328  324
    57.5-180.0 180.0   5.0 450.0                            LAT/LON1/LON2/DLON/H
  326  321  314  307  301  297  295  294  293  291  288  284  281  277  273  269
  265  261  257  254  253  251  249  246  242  239  236  236  237  241  246  252
  257  262  266  268  269  269  267  263  258  252  247  243  240  238  236  232
  228  221  215  209  205  204  206  211  215  220  225  230  238  248  261  274
  287  298  306  312  317  322  326  327  326
    55.0-180.0 180.0   5.0 450.0                            LAT/LON1/LON2/DLON/H
  325  323  319  314  310  308  307  306  304  300  296  291  288  286  284  282
  277  272  267  262  258  254  251  246  241  236  233  234  238  244  251  259
  265  270  274  276  277  276  274  270  265  259  253  248  244  240  238  234
  229  223  216  210  206  205  207  211  216  220  225  230  238  250  264  278
  291  300  305  309  311  315  320  324  325
    52.5-180.0 180.0   5.0 450.0                            LAT/LON1/LON2/DLON/H
  329  330  329  327  325  325  326  324  321  315  308  302  299  298  298  296
  291  284  276  269  263  258  253  247  241  236  234  236  241  250  259  268
  275  281  285  287  288  288  286  282  277  270  263  256  250  245  241  236
  231  224  217  210  206  204  205  209  213  217  221  226  236  249  265  282
  296  304  308  308  309  313  319  325  329
    50.0-180.0 180.0   5.0 450.0                            LAT/LON1/LON2/DLON/H
  343  346  347  347  349  351  352  351  345  336  327  319  316  315  314  312
  306  296  285  276  269  264  259  253  246  241  239  241  248  258  268  278
  287  293  298  300  301  301  299  296  290  283  276  267  259  251  245  239
  233  226  219  211  206  203  203  205  208  211  215  221  231  247  267  287
  303  313  317  317  317  321  328  336  343
    47.5-180.0 180.0   5.0 450.0                            LAT/LON1/LON2/DLON/H
  368  372  374  375  379  383  385  383  376  365  352  342  337  335  333  329
  320  308  295  284  277  273  270  265  258  253  250  252  259  268  278  288
  297  305  310  314  315  315  313  308  303  295  287  277  267  258  249  242
  236  229  222  215  208  203  202  202  204  206  210  216  227  245  269  293
  314  327  334  335  337  342  350  360  368
    45.0-180.0 180.0   5.0 450.0                            LAT/LON1/LON2/DLON/H
  400  404  405  407  411  417  420  418  410  397  382  370  362  358  354  347
  336  321  306  295  290  289  288  284  278  272  268  268  272  278  286  295
  305  315  323  328  330  328  325  319  312  304  295  286  275  265  255  247
  241  236  229  222  215  209  205  204  204  205  208  214  226  245  271  300
  326  345  357  362  367  374  383  393  400
    42.5-180.0 180.0   5.0 450.0                            LAT/LON1/LON2/DLON/H
  435  436  435  436  440  447  452  451  443  429  414  400  389  382  375  366
  353  336  321  311  308  310  312  311  305  297  291  288  287  289  293  301
  312  325  336  343  345  343  337  328  319  310  302  293  283  273  263  255
  250  246  241  235  227  220  215  212  210  210  212  216  227  247  274  306
  337  363  381  393  402  411  421  430  435
    40.0-180.0 180.0   5.0 450.0                            LAT/LON1/LON2/DLON/H
  464  461  457  457  461  469  475  476  470  458  444  429  417  407  397  386
  372  355  341  333  333  338  343  343  337  328  319  311  305  300  301  307
  321  337  352  361  364  360  351  339  326  316  307  300  292  284  275  268
  263  260  257  252  245  237  231  226  223  221  221  224  233  250  276  310
  345  378  403  421  434  446  455  462  464
    37.5-180.0 180.0   5.0 450.0                            LAT/LON1/LON2/DLON/H
  481  475  469  468  472  480  488  492  489  482  471  458  445  433  421  408
  394  379  366  360  362  369  376  376  370  360  349  337  325  315  312  318
  334  355  374  385  387  381  369  353  337  324  316  311  305  299  291  285
  281  278  276  271  265  258  250  244  239  236  233  234  240  254  277  310
  348  385  416  440  457  470  479  483  481
    35.0-180.0 180.0   5.0 450.0                            LAT/LON1/LON2/DLON/H
  486  478  471  469  474  483  493  500  503  501  496  486  474  460  447  434
  421  408  397  391  393  401  407  408  402  392  379  365  350  336  330  338
  357  382  402  414  415  407  392  372  353  338  329  325  323  318  311  305
  300  297  294  289  283  276  269  262  256  250  246  245  247  257  277  307
  344  384  419  446  466  479  487  489  486
    32.5-180.0 180.0   5.0 450.0                            LAT/LON1/LON2/DLON/H
  479  473  467  467  473  483  495  505  513  519  520  515  505  491  477  465
  455  443  432  425  425  430  436  436  430  420  408  394  378  363  357  367
  390  416  436  445  443  433  416  394  373  356  347  344  342  338  332  325
  319  313  308  302  295  289  282  275  268  261  255  252  252  258  273  299
  335  374  410  439  460  473  481  483  479
    30.0-180.0 180.0   5.0 450.0                            LAT/LON1/LON2/DLON/H
  467  464  463  465  474  486  499  513  526  538  546  547  539  527  513  503
  494  484  471  460  455  456  459  458  453  445  436  424  409  396  393  406
  431  456  471  473  465  451  434  412  391  374  364  361  359  356  349  340
  331  322  313  305  298  291  286  279  271  263  257  253  252  256  268  289
  321  357  393  421  442  455  463  467  467
    27.5-180.0 180.0   5.0 450.0                            LAT/LON1/LON2/DLON/H
  454  458  462  470  481  495  511  527  543  560  574  580  577  567  555  546
  538  528  512  496  484  480  479  477  472  466  461  453  442  434  435  451
  476  495  499  488  471  454  437  418  399  383  374  371  368  364  356  346
  334  322  309  297  288  282  277  271  263  256  250  247  247  251  260  277
  304  336  369  396  416  430  441  449  454
    25.0-180.0 180.0   5.0 450.0                            LAT/LON1/LON2/DLON/H
  445  456  467  480  496  513  530  547  566  585  603  614  616  609  600  593
  586  574  555  532  514  503  499  495  491  487  485  482  476  473  479  498
  518  526  514  486  456  434  417  403  389  378  370  367  363  357  348  338
  325  310  293  278  267  261  258  253  247  240  235  234  237  241  250  264
  286  314  343  368  388  404  418  432  445
    22.5-180.0 180.0   5.0 450.0                            LAT/LON1/LON2/DLON/H
  440  459  476  495  514  534  553  572  590  610  629  645  652  650  645  640
  633  620  597  569  545  530  523  518  513  510  510  510  508  510  520  538
  552  544  511  463  419  390  374  365  358  351  348  345  340  334  325  316
  305  289  270  252  240  234  231  229  224  218  215  217  222  229  237  249
  267  290  317  341  362  382  401  420  440
    20.0-180.0 180.0   5.0 450.0                            LAT/LON1/LON2/DLON/H
  438  462  484  507  530  553  575  594  612  630  649  667  679  684  684  681
  676  662  637  607  580  562  554  548  541  537  536  536  538  542  554  570
  573  548  493  424  365  328  313  308  307  307  307  307  303  297  290  285
  277  263  244  225  211  205  204  203  200  196  195  198  205  214  222  232
  246  267  292  317  341  365  389  413  438
    17.5-180.0 180.0   5.0 450.0                            LAT/LON1/LON2/DLON/H
  436  462  486  511  536  563  589  610  625  640  656  676  694  707  712  713
  709  697  674  645  618  601  592  585  576  568  564  562  563  568  579  589
  581  540  465  378  306  263  245  242  245  251  257  260  258  254  250  250
  247  237  220  201  187  181  181  181  180  178  177  181  189  197  204  212
  224  243  268  296  325  354  382  409  436
    15.0-180.0 180.0   5.0 450.0                            LAT/LON1/LON2/DLON/H
  432  456  480  504  531  561  591  613  628  638  651  671  695  714  726  731
  730  723  705  680  658  643  635  627  616  603  593  587  584  587  594  597
  579  524  436  339  259  211  189  184  188  197  208  215  217  215  216  220
  222  216  203  186  173  167  167  168  168  167  166  168  174  180  185  190
  200  218  245  278  312  346  377  406  432
    12.5-180.0 180.0   5.0 450.0                            LAT/LON1/LON2/DLON/H
  425  445  466  488  516  548  581  607  620  626  635  654  681  707  724  733
  738  736  727  710  694  683  677  668  654  637  621  609  601  600  602  598
  571  509  417  319  239  188  162  151  151  161  174  186  190  192  195  202
  208  206  195  182  171  165  164  165  165  163  160  160  161  163  164  166
  174  193  223  261  302  340  373  401  425
    10.0-180.0 180.0   5.0 450.0                            LAT/LON1/LON2/DLON/H
  416  433  450  469  496  530  566  594  607  610  614  631  660  689  710  722
  731  737  737  731  721  715  710  703  687  666  645  627  615  607  603  593
  562  499  414  325  254  205  174  155  147  152  167  181  188  191  195  201
  206  205  197  186  177  172  170  169  168  164  159  154  150  147  144  143
  149  169  202  245  292  334  369  396  416
     7.5-180.0 180.0   5.0 450.0                            LAT/LON1/LON2/DLON/H
  410  425  440  457  482  516  554  584  597  597  597  611  638  667  689  703
  715  727  736  738  735  732  730  723  708  686  662  640  623  611  601  585
  553  498  427  357  302  261  226  196  178  176  188  203  212  215  216  217
  217  212  204  195  188  183  180  177  172  166  157  148  140  132  126  122
  128  148  183  231  282  328  365  392  410
     5.0-180.0 180.0   5.0 450.0                            LAT/LON1/LON2/DLON/H
  412  428  443  460  483  515  552  583  597  595  592  600  623  650  669  680
  693  709  724  732  733  732  731  727  715  695  670  646  625  609  594  575
  544  501  451  407  373  343  307  268  238  228  235  248  256  256  252  244
  233  221  210  202  197  193  187  181  173  164  152  140  129  119  111  106
  111  131  168  218  272  322  362  391  412
     2.5-180.0 180.0   5.0 450.0                            LAT/LON1/LON2/DLON/H
  422  444  463  482  504  533  567  597  612  609  603  606  623  643  656  662
  672  688  705  715  716  715  716  716  709  692  668  643  620  599  581  560
  533  502  475  458  447  430  397  352  312  293  294  303  309  304  291  272
  248  225  209  201  198  194  187  177  165  153  140  127  117  108  100   97
  101  121  157  206  262  315  360  395  422
