COD0OPSRAP_20241630000_01D_01H_GIM.INX
     1.0            IONOSPHERE MAPS     GNSS                IONEX VERSION / TYPE
ADDNEQ2 V5.5        AIUB                14-JUN-24 10:06     PGM / RUN BY / DATE 
CODE'S RAPID IONOSPHERE MAPS FOR DAY 163, 2024              COMMENT             
Global ionosphere maps (GIM) are generated on a daily basis DESCRIPTION         
at CODE using data from about 120 GNSS sites of the IGS and DESCRIPTION         
other institutions. The vertical total electron content     DESCRIPTION         
(VTEC) is modeled in a solar-geomagnetic reference frame    DESCRIPTION         
using a spherical harmonics expansion up to degree and      DESCRIPTION         
order 15. Piece-wise linear functions are used for          DESCRIPTION         
representation in the time domain. The time spacing of      DESCRIPTION         
their vertices is 1 hour, conforming with the epochs of the DESCRIPTION         
VTEC maps.                                                  DESCRIPTION         
To convert line-of-sight TEC into vertical TEC, a modified  DESCRIPTION         
single-layer model mapping function approximating the JPL   DESCRIPTION         
extended slab model mapping function is adopted. The        DESCRIPTION         
mapping function is evaluated at geodetic satellite         DESCRIPTION         
elevation angles. For the computation of the ionospheric    DESCRIPTION         
pierce points, a spherical layer with a radius of 6821 km   DESCRIPTION         
is assumed, implying geocentric, not geodetic IONEX         DESCRIPTION         
latitudes.                                                  DESCRIPTION         
Instrumental biases with respect to each involved GNSS code DESCRIPTION         
observable are estimated as constant values for each        DESCRIPTION         
day. They are modeled with one set of bias parameters for   DESCRIPTION         
each satellite and each station in case of GPS and for each DESCRIPTION         
satellite-station link in case of GLONASS. The code bias    DESCRIPTION         
datum is defined by zero-mean conditions imposed on the     DESCRIPTION         
satellite bias estimates. In this file, just GPS C1W-C2W    DESCRIPTION         
satellite and station bias values are included. The         DESCRIPTION         
complete set of GNSS code bias results is provided in an    DESCRIPTION         
additional Bias-SINEX file as pseudo-absolute values        DESCRIPTION         
specific to each observable.                                DESCRIPTION         
Note: These GIM results correspond to the results for the   DESCRIPTION         
last day of a 3-day combination analysis solving for 73     DESCRIPTION         
times 256, or 18688 VTEC parameters and 3 daily sets of     DESCRIPTION         
GNSS code bias parameters.                                  DESCRIPTION         
Contact address: code(at)aiub.unibe.ch                      DESCRIPTION         
Data archive:    ftp.aiub.unibe.ch/CODE/                    DESCRIPTION         
                 www.aiub.unibe.ch/download/CODE/           DESCRIPTION         
  2024     6    11     0     0     0                        EPOCH OF FIRST MAP  
  2024     6    12     0     0     0                        EPOCH OF LAST MAP   
  3600                                                      INTERVAL            
[...]
    87.5 -87.5  -2.5                                        LAT1 / LAT2 / DLAT  
  -180.0 180.0   5.0                                        LON1 / LON2 / DLON  
    -1                                                      EXPONENT            
TEC/RMS values in 0.1 TECU; 9999, if no value available     COMMENT             
Peak TEC values for the included maps:                      COMMENT             
 886  924 1006 1049 1032  912  836  840  840  835  808  771 COMMENT             
 743  736  724  730  742  753  745  754  802  849  875  869 COMMENT             
 889                                                        COMMENT             
List of stations:                                           COMMENT             
adis albh algo alic amu2 areq ascg aspa auck bake bjfs bogo COMMENT             
bor1 braz brft brst brux cas1 ccj2 cedu chti chur cord cpvg COMMENT             
cro1 darw dav1 dgar dubo faa1 fair flin flrs frdn func ganp COMMENT             
glps glsv gode gope guam hert hnpt hob2 hofn hrao iisc ineg COMMENT             
invk iqal joz2 jplm kerg kir0 kit3 kokv kour lpal lpgs mac1 COMMENT             
mal2 mas1 mat1 mate maw1 mcm4 mizu mkea mobs mtka nano nklg COMMENT             
nnor ntus nya1 onsa opmt park pdel pert pimo pots qaq1 rabt COMMENT             
ramo reun reyk rio2 sant sch2 sofi sthl stjo str2 suth sydn COMMENT             
syog tabv tash thti thu2 tid1 tn22 tow2 ulab unb3 unbj unsa COMMENT             
urum usud vald whit wind wtzz xmis yarr yel2 ykro zim2 zimm COMMENT             
                                                            END OF HEADER       
[from data line 3861]
    10                                                      START OF TEC MAP    
  2024     6    11     9     0     0                        EPOCH OF CURRENT MAP
    87.5-180.0 180.0   5.0 450.0                            LAT/LON1/LON2/DLON/H
  167  168  169  171  172  174  175  177  179  181  183  185  187  189  190  192
  194  195  197  198  199  200  201  202  202  202  202  202  202  202  201  201
  200  199  198  197  196  195  194  193  191  190  189  188  186  185  184  183
  181  180  179  178  176  175  174  173  172  171  170  169  168  167  167  166
  166  165  165  165  165  165  166  166  167
    85.0-180.0 180.0   5.0 450.0                            LAT/LON1/LON2/DLON/H
  156  157  159  161  164  166  170  173  177  181  185  189  193  197  201  204
  208  211  213  215  217  218  219  220  220  220  219  219  218  217  215  214
  213  211  209  208  206  204  202  201  199  197  196  194  192  191  189  188
  186  185  183  182  180  179  177  176  174  172  170  169  167  165  163  161
  160  158  157  156  155  155  155  155  156
    82.5-180.0 180.0   5.0 450.0                            LAT/LON1/LON2/DLON/H
  153  153  154  156  159  162  166  171  176  181  187  193  199  204  209  214
  219  222  226  228  230  231  231  231  230  229  227  226  224  222  220  218
  217  215  213  212  210  208  207  206  204  203  202  201  200  199  198  198
  197  197  196  196  195  194  193  192  190  188  186  184  181  178  175  172
  168  165  162  160  157  155  154  153  153
    80.0-180.0 180.0   5.0 450.0                            LAT/LON1/LON2/DLON/H
  159  158  157  158  160  163  167  171  176  182  188  195  201  208  214  219
  224  228  231  232  233  233  232  230  228  226  223  220  218  216  214  213
  212  211  210  209  209  209  208  208  208  208  208  208  209  210  211  212
  213  215  216  218  219  219  219  219  218  216  214  212  208  204  200  196
  191  186  181  176  171  167  164  161  159
    77.5-180.0 180.0   5.0 450.0                            LAT/LON1/LON2/DLON/H
  173  169  167  166  166  167  170  173  178  183  188  195  201  207  213  218
  222  226  228  228  228  226  223  220  216  212  208  205  203  201  200  200
  200  201  202  204  205  206  208  209  211  213  214  217  219  222  225  229
  232  236  240  243  246  249  251  251  251  250  249  246  242  238  233  228
  221  215  208  201  195  188  182  177  173
    75.0-180.0 180.0   5.0 450.0                            LAT/LON1/LON2/DLON/H
  190  185  180  177  175  174  175  177  179  183  187  192  197  202  207  211
  215  217  218  218  215  212  207  202  197  192  187  184  182  182  183  184
  187  190  193  197  201  204  207  211  214  217  221  225  229  234  240  245
  251  257  263  269  273  277  280  282  282  282  280  278  275  270  265  259
  252  245  237  229  221  213  205  197  190
    72.5-180.0 180.0   5.0 450.0                            LAT/LON1/LON2/DLON/H
  207  200  193  188  184  181  180  180  180  182  184  187  190  194  197  200
  203  204  204  203  200  195  189  183  176  171  167  164  164  165  168  172
  176  182  187  193  198  203  208  213  218  223  228  233  239  246  253  261
  268  276  283  289  295  299  302  303  304  303  302  299  296  292  288  282
  276  269  261  253  244  234  225  216  207
    70.0-180.0 180.0   5.0 450.0                            LAT/LON1/LON2/DLON/H
  218  209  201  194  188  184  181  180  179  180  180  181  183  184  186  187
  189  189  189  187  184  178  172  165  159  154  151  150  151  155  159  165
  172  178  185  191  198  204  210  216  222  228  235  241  249  256  264  273
  281  289  296  302  307  310  312  313  312  311  309  306  303  300  296  292
  287  281  274  266  257  248  238  228  218
    67.5-180.0 180.0   5.0 450.0                            LAT/LON1/LON2/DLON/H
  222  212  202  194  187  182  178  176  175  175  175  174  174  174  174  174
  174  174  174  172  169  165  159  153  148  144  143  144  147  153  159  166
  173  180  186  193  199  206  213  220  226  233  241  248  256  265  273  281
  289  296  302  307  310  311  311  309  307  304  301  298  296  293  291  288
  285  280  275  269  261  252  243  233  222
    65.0-180.0 180.0   5.0 450.0                            LAT/LON1/LON2/DLON/H
  220  209  198  188  179  173  169  167  166  166  166  166  165  164  162  161
  160  160  160  159  157  154  150  146  142  141  142  146  151  158  165  172
  179  185  191  196  203  209  216  223  231  238  246  254  263  271  279  287
  294  299  303  305  306  304  301  297  292  288  284  281  278  277  276  274
  273  271  267  263  257  250  241  231  220
    62.5-180.0 180.0   5.0 450.0                            LAT/LON1/LON2/DLON/H
  217  205  192  180  169  161  156  154  153  155  156  156  156  154  151  149
  147  147  147  147  147  146  144  142  141  143  146  152  160  168  175  182
  187  192  196  201  207  213  220  228  235  243  251  259  268  276  284  291
  296  299  301  300  298  293  288  281  275  269  265  261  259  258  258  258
  258  258  257  254  251  245  238  228  217
    60.0-180.0 180.0   5.0 450.0                            LAT/LON1/LON2/DLON/H
  219  206  191  176  162  151  143  140  139  141  144  145  145  144  141  137
  135  134  134  135  137  138  139  140  143  147  153  162  170  179  186  191
  195  198  202  207  213  219  226  233  240  248  256  264  273  281  288  294
  297  298  297  294  290  283  276  268  261  255  250  247  246  245  246  247
  248  249  249  249  248  245  239  230  219
    57.5-180.0 180.0   5.0 450.0                            LAT/LON1/LON2/DLON/H
  231  217  200  182  164  148  137  130  127  129  131  134  135  134  131  127
  123  121  121  123  126  130  134  139  144  152  161  170  180  188  194  198
  201  204  209  214  221  228  235  242  248  254  262  270  278  287  293  298
  299  299  296  291  285  277  270  262  255  249  245  243  242  242  243  244
  246  248  250  252  253  252  248  241  231
    55.0-180.0 180.0   5.0 450.0                            LAT/LON1/LON2/DLON/H
  253  239  221  201  179  158  141  129  122  120  122  124  125  125  122  118
  114  111  111  113  117  123  130  138  147  157  168  178  188  195  199  203
  206  210  217  225  233  242  249  254  259  264  270  278  286  294  300  304
  304  302  297  291  284  277  270  263  257  252  250  249  249  250  251  252
  254  256  260  263  266  268  266  261  253
    52.5-180.0 180.0   5.0 450.0                            LAT/LON1/LON2/DLON/H
  281  270  254  233  208  183  159  141  127  120  117  118  119  119  117  113
  109  105  104  105  110  118  127  138  151  163  176  187  195  201  204  207
  211  218  228  239  251  260  267  271  274  277  282  289  297  305  311  313
  312  308  302  296  289  282  275  270  265  262  261  261  262  264  265  266
  268  271  275  280  284  288  289  287  281
    50.0-180.0 180.0   5.0 450.0                            LAT/LON1/LON2/DLON/H
  310  303  291  272  247  219  191  165  144  130  121  117  117  117  116  113
  109  105  102  103  108  117  129  143  158  173  187  198  205  208  210  213
  219  229  242  258  272  283  290  293  294  296  299  306  314  321  326  327
  324  319  312  305  298  291  285  280  276  274  274  275  277  279  280  281
  283  286  291  296  302  307  310  312  310
    47.5-180.0 180.0   5.0 450.0                            LAT/LON1/LON2/DLON/H
  330  329  323  309  288  261  231  200  172  149  133  124  121  121  121  120
  116  112  108  108  112  121  135  151  169  187  202  213  218  220  220  223
  230  243  260  279  296  308  315  318  318  319  322  328  336  343  346  346
  342  335  326  318  311  304  298  292  288  286  286  288  290  292  293  294
  295  298  302  307  313  318  323  327  330
    45.0-180.0 180.0   5.0 450.0                            LAT/LON1/LON2/DLON/H
  334  339  341  336  322  300  271  238  205  176  153  139  132  131  132  133
  130  126  122  120  122  131  145  164  185  205  222  232  236  236  234  236
  245  260  279  300  319  332  341  344  346  347  351  357  364  370  372  371
  365  356  347  337  329  321  314  307  302  299  298  298  300  301  301  301
  301  303  306  310  314  317  321  327  334
    42.5-180.0 180.0   5.0 450.0                            LAT/LON1/LON2/DLON/H
  320  331  340  344  339  325  301  271  237  205  178  159  149  147  149  151
  150  145  140  136  137  144  158  179  202  225  243  254  257  255  252  253
  261  277  297  318  338  353  363  370  374  378  383  390  397  402  403  401
  394  385  374  364  354  345  336  328  322  316  313  311  310  310  308  306
  305  305  306  307  307  306  307  312  320
    40.0-180.0 180.0   5.0 450.0                            LAT/LON1/LON2/DLON/H
  293  305  319  330  335  330  316  292  262  231  202  182  170  167  169  171
  171  167  161  155  153  159  172  193  218  243  263  275  278  275  270  270
  277  292  311  332  352  368  382  393  402  410  418  425  432  437  438  435
  429  420  410  400  389  379  369  360  352  345  338  333  329  325  320  315
  311  307  305  302  297  291  286  286  293
    37.5-180.0 180.0   5.0 450.0                            LAT/LON1/LON2/DLON/H
  260  269  283  299  310  315  311  297  275  249  224  204  193  189  190  192
  192  189  181  174  169  172  183  204  230  256  278  291  295  291  286  285
  291  303  321  340  360  379  397  413  428  440  451  459  466  471  474  473
  469  463  455  445  435  425  416  407  399  390  381  372  363  354  344  334
  326  318  312  304  293  279  266  259  260
    35.0-180.0 180.0   5.0 450.0                            LAT/LON1/LON2/DLON/H
  234  236  245  258  273  284  289  286  274  257  239  224  214  210  210  211
  210  206  198  189  182  182  191  210  235  262  286  300  305  302  298  296
  300  311  326  344  364  385  408  430  449  466  479  489  497  504  509  512
  512  510  506  499  492  484  476  470  464  455  443  430  415  400  385  369
  355  343  332  319  302  280  259  242  234
    32.5-180.0 180.0   5.0 450.0                            LAT/LON1/LON2/DLON/H
  225  216  215  221  233  247  259  265  264  257  248  239  233  229  227  226
  223  219  210  200  191  188  194  210  234  261  285  301  308  307  303  301
  305  315  330  347  368  391  417  443  467  486  500  512  521  531  540  549
  556  560  561  558  554  550  547  546  543  535  523  505  485  463  441  418
  398  381  366  349  327  299  270  244  225
    30.0-180.0 180.0   5.0 450.0                            LAT/LON1/LON2/DLON/H
  239  217  203  199  203  215  229  241  249  253  253  251  249  245  241  236
  232  226  218  207  196  191  194  207  228  253  276  294  303  305  303  303
  308  319  334  352  375  400  428  455  480  500  514  527  538  552  567  583
  597  607  614  617  618  618  621  624  626  622  609  588  563  535  506  477
  451  430  411  391  366  334  300  267  239
    27.5-180.0 180.0   5.0 450.0                            LAT/LON1/LON2/DLON/H
  273  241  214  197  192  198  211  225  238  248  256  261  262  259  252  244
  237  229  221  210  199  192  192  202  219  241  263  282  293  298  300  303
  311  324  341  362  387  414  441  468  490  508  523  535  550  568  589  611
  631  648  660  668  674  679  687  696  702  701  688  665  636  604  570  537
  506  481  459  438  412  380  344  308  273
    25.0-180.0 180.0   5.0 450.0                            LAT/LON1/LON2/DLON/H
  320  281  245  217  203  203  211  224  237  249  261  270  274  270  261  249
  239  231  222  212  201  192  190  196  210  229  249  268  283  291  297  303
  314  331  353  378  405  432  458  481  500  515  528  541  557  579  606  633
  658  678  695  707  717  726  736  748  758  758  747  723  693  659  623  586
  552  524  501  478  453  424  391  357  320
    22.5-180.0 180.0   5.0 450.0                            LAT/LON1/LON2/DLON/H
  369  329  287  253  233  227  231  239  248  259  270  279  283  279  268  253
  240  230  222  212  201  193  189  192  202  217  236  256  273  286  295  306
  321  342  369  398  428  455  478  496  511  522  534  546  565  589  618  648
  674  697  715  730  742  752  763  775  785  786  775  753  724  691  655  618
  582  552  527  504  480  455  429  402  369
    20.0-180.0 180.0   5.0 450.0                            LAT/LON1/LON2/DLON/H
  407  372  331  295  273  265  265  268  270  275  281  287  290  284  272  255
  240  228  219  210  200  192  188  189  195  208  225  246  266  283  297  311
  331  356  387  420  452  478  498  513  524  533  543  556  574  598  628  657
  682  703  721  737  749  758  766  775  782  782  772  752  727  698  666  629
  593  561  534  509  486  466  450  432  407
    17.5-180.0 180.0   5.0 450.0                            LAT/LON1/LON2/DLON/H
  428  401  365  333  313  306  304  302  298  294  292  293  291  284  271  253
  236  223  214  205  196  189  185  185  189  199  216  238  262  283  301  319
  342  371  405  441  473  499  518  530  540  549  558  570  586  608  635  660
  682  699  716  731  743  749  752  754  756  754  745  729  709  687  659  626
  589  555  524  496  473  457  448  442  428
    15.0-180.0 180.0   5.0 450.0                            LAT/LON1/LON2/DLON/H
  431  413  385  359  344  341  340  334  323  310  299  292  286  277  263  245
  228  214  204  196  188  182  179  179  182  191  208  232  259  285  307  329
  354  385  421  458  490  516  534  547  557  568  577  586  599  617  639  660
  676  690  705  720  730  733  729  725  721  717  708  697  684  669  647  616
  580  542  506  473  446  432  430  435  431
    12.5-180.0 180.0   5.0 450.0                            LAT/LON1/LON2/DLON/H
  422  411  390  370  362  362  363  356  340  319  299  283  272  261  248  231
  214  200  189  181  175  171  170  171  174  182  199  225  256  286  313  338
  365  398  433  469  501  526  545  560  574  587  596  602  610  622  640  656
  669  680  693  708  719  719  711  700  692  685  678  671  665  657  641  612
  574  532  490  450  419  403  405  417  422
    10.0-180.0 180.0   5.0 450.0                            LAT/LON1/LON2/DLON/H
  408  402  386  371  366  369  371  363  344  317  290  267  250  237  225  210
  194  180  169  162  158  157  158  160  163  172  189  217  252  286  317  346
  375  408  442  475  505  530  550  568  586  601  610  612  614  622  636  650
  661  671  685  702  714  714  704  690  680  673  669  667  666  663  649  622
  582  535  486  440  403  383  385  399  408
     7.5-180.0 180.0   5.0 450.0                            LAT/LON1/LON2/DLON/H
  401  396  380  367  363  366  366  357  336  307  275  246  224  210  198  185
  170  156  146  141  139  141  145  148  152  161  179  208  245  283  319  351
  384  416  448  478  504  527  547  568  589  605  613  611  607  612  626  642
  655  667  682  702  717  720  712  700  692  688  686  687  689  688  676  647
  604  554  500  448  405  382  380  393  401
     5.0-180.0 180.0   5.0 450.0                            LAT/LON1/LON2/DLON/H
  406  398  381  366  359  358  355  344  323  294  259  226  200  183  172  160
  146  133  124  120  122  127  133  138  143  151  169  198  237  278  318  355
  390  422  452  478  500  520  538  559  580  596  601  595  588  593  610  632
  650  665  684  707  727  735  732  726  724  725  726  728  730  728  714  683
  639  586  530  475  428  400  394  402  406
     2.5-180.0 180.0   5.0 450.0                            LAT/LON1/LON2/DLON/H
  423  411  391  372  361  354  345  332  311  283  248  212  183  165  152  140
  127  114  106  105  109  116  124  131  136  144  161  189  228  272  316  357
  394  427  454  476  494  508  523  541  559  573  574  565  558  565  589  619
  644  664  685  711  735  749  755  758  764  772  776  777  776  770  752  719
  673  620  565  511  464  433  422  424  423
