COD0OPSRAP_20241900000_01D_01H_GIM.INX
     1.0            IONOSPHERE MAPS     GNSS                IONEX VERSION / TYPE
ADDNEQ2 V5.5        AIUB                09-JUL-24 08:04     PGM / RUN BY / DATE 
CODE'S RAPID IONOSPHERE MAPS FOR DAY 190, 2024              COMMENT             
Global ionosphere maps (GIM) are generated on a daily basis DESCRIPTION         
at CODE using data from about 120 GNSS sites of the IGS and DESCRIPTION         
other institutions. The vertical total electron content     DESCRIPTION         
(VTEC) is modeled in a solar-geomagnetic reference frame    DESCRIPTION         
using a spherical harmonics expansion up to degree and      DESCRIPTION         
order 15. Piece-wise linear functions are used for          DESCRIPTION         
representation in the time domain. The time spacing of      DESCRIPTION         
their vertices is 1 hour, conforming with the epochs of the DESCRIPTION         
VTEC maps.                                                  DESCRIPTION         
To convert line-of-sight TEC into vertical TEC, a modified  DESCRIPTION         
single-layer model mapping function approximating the JPL   DESCRIPTION         
extended slab model mapping function is adopted. The        DESCRIPTION         
mapping function is evaluated at geodetic satellite         DESCRIPTION         
elevation angles. For the computation of the ionospheric    DESCRIPTION         
pierce points, a spherical layer with a radius of 6821 km   DESCRIPTION         
is assumed, implying geocentric, not geodetic IONEX         DESCRIPTION         
latitudes.                                                  DESCRIPTION         
Instrumental biases with respect to each involved GNSS code DESCRIPTION         
observable are estimated as constant values for each        DESCRIPTION         
day. They are modeled with one set of bias parameters for   DESCRIPTION         
each satellite and each station in case of GPS and for each DESCRIPTION         
satellite-station link in case of GLONASS. The code bias    DESCRIPTION         
datum is defined by zero-mean conditions imposed on the     DESCRIPTION         
satellite bias estimates. In this file, just GPS C1W-C2W    DESCRIPTION         
satellite and station bias values are included. The         DESCRIPTION         
complete set of GNSS code bias results is provided in an    DESCRIPTION         
additional Bias-SINEX file as pseudo-absolute values        DESCRIPTION         
specific to each observable.                                DESCRIPTION         
Note: These GIM results correspond to the results for the   DESCRIPTION         
last day of a 3-day combination analysis solving for 73     DESCRIPTION         
times 256, or 18688 VTEC parameters and 3 daily sets of     DESCRIPTION         
GNSS code bias parameters.                                  DESCRIPTION         
Contact address: code(at)aiub.unibe.ch                      DESCRIPTION         
Data archive:    ftp.aiub.unibe.ch/CODE/                    DESCRIPTION         
                 www.aiub.unibe.ch/download/CODE/           DESCRIPTION         
  2024     7     8     0     0     0                        EPOCH OF FIRST MAP  
  2024     7     9     0     0     0                        EPOCH OF LAST MAP   
  3600                                                      INTERVAL            
[...]
    87.5 -87.5  -2.5                                        LAT1 / LAT2 / DLAT  
  -180.0 180.0   5.0                                        LON1 / LON2 / DLON  
    -1                                                      EXPONENT            
TEC/RMS values in 0.1 TECU; 9999, if no value available     COMMENT             
Peak TEC values for the included maps:                      COMMENT             
 770  799  825  822  868  884  877  846  823  793  762  740 COMMENT             
 717  723  758  809  824  801  761  771  789  788  797  806 COMMENT             
 817                                                        COMMENT             
List of stations:                                           COMMENT             
adis albh algo alic amu2 areq ascg aspa auck bake bogo bor1 COMMENT             
braz brft brst brux cas1 ccj2 cedu chti chur cord cpvg cro1 COMMENT             
darw dav1 dgar dubo faa1 fair flin flrs frdn func ganp glps COMMENT             
glsv gode gope gras graz guam hers hert hnpt hob2 hofn hrao COMMENT             
iisc ineg invk iqal joz2 jplm karr kerg kir0 kit3 kokv kour COMMENT             
lpal lpgs mac1 mal2 mas1 mat1 mate maw1 mcm4 mizu mkea mobs COMMENT             
mtka nano nklg nnor ntus nya1 onsa park pdel pert pimo pots COMMENT             
qaq1 rabt reun reyk rio2 sant sch2 scub sofi sthl stjo str2 COMMENT             
suth sydn syog tabv tash thti tid1 tow2 ulab unb3 unbj unsa COMMENT             
urum usud vald whit wind wtzz xmis yarr yel2 ykro zim2 zimm COMMENT             
                                                            END OF HEADER       
[from data line 6006]
    15                                                      START OF TEC MAP    
  2024     7     8    14     0     0                        EPOCH OF CURRENT MAP
    87.5-180.0 180.0   5.0 450.0                            LAT/LON1/LON2/DLON/H
  217  216  216  216  215  215  215  215  214  214  214  213  213  213  212  212
  211  211  210  210  209  209  208  208  207  206  206  205  205  204  204  203
  203  203  202  202  202  202  202  202  203  203  204  204  205  206  207  208
  209  210  211  212  213  213  214  215  216  216  217  217  218  218  218  218
  218  218  218  218  218  217  217  217  217
    85.0-180.0 180.0   5.0 450.0                            LAT/LON1/LON2/DLON/H
  216  215  214  214  214  213  213  213  213  213  212  212  212  212  212  211
  211  210  210  209  208  207  206  205  205  204  202  201  200  199  198  197
  196  196  195  194  194  193  193  194  194  195  196  197  199  201  203  206
  208  211  213  216  218  220  222  223  224  225  226  226  226  226  226  225
  224  223  222  221  220  219  218  217  216
    82.5-180.0 180.0   5.0 450.0                            LAT/LON1/LON2/DLON/H
  209  207  206  206  205  205  205  206  206  206  207  207  208  208  208  208
  208  207  207  206  206  205  204  203  202  202  201  200  199  198  197  196
  195  194  193  191  190  189  189  188  189  190  191  193  196  199  203  207
  211  215  220  224  227  230  233  235  236  237  237  236  235  233  231  229
  226  224  221  219  216  214  212  210  209
    80.0-180.0 180.0   5.0 450.0                            LAT/LON1/LON2/DLON/H
  197  195  194  193  193  193  194  194  195  196  198  199  200  201  201  202
  202  202  201  201  201  200  200  200  200  200  200  201  201  201  201  201
  200  199  198  196  194  192  190  189  189  189  191  193  197  201  206  212
  218  224  230  235  239  243  246  247  248  247  246  243  240  237  233  228
  224  220  216  212  208  205  202  199  197
    77.5-180.0 180.0   5.0 450.0                            LAT/LON1/LON2/DLON/H
  185  183  182  181  180  181  181  182  184  185  187  188  190  191  192  193
  193  193  194  194  194  194  195  195  197  199  201  203  206  208  210  211
  212  211  210  207  204  201  198  196  194  194  195  198  202  207  214  221
  228  235  241  247  251  254  256  256  255  253  250  245  240  235  229  223
  217  211  206  201  197  193  190  187  185
    75.0-180.0 180.0   5.0 450.0                            LAT/LON1/LON2/DLON/H
  176  174  173  172  171  171  171  172  174  176  177  179  181  182  183  184
  184  185  185  186  187  188  189  191  194  198  202  206  211  216  221  224
  226  227  226  223  219  215  211  207  204  203  204  206  211  217  224  231
  238  245  251  255  258  260  260  259  256  251  246  240  233  226  219  212
  205  200  195  190  187  183  181  178  176
    72.5-180.0 180.0   5.0 450.0                            LAT/LON1/LON2/DLON/H
  172  170  169  168  167  167  167  168  169  171  172  173  175  176  176  177
  177  178  179  180  181  183  186  189  193  198  204  211  218  225  231  237
  241  242  242  239  235  229  223  219  215  214  214  217  222  227  234  240
  246  252  255  258  258  258  255  252  247  241  234  227  220  212  205  198
  192  187  183  181  178  177  175  174  172
    70.0-180.0 180.0   5.0 450.0                            LAT/LON1/LON2/DLON/H
  173  172  171  169  168  168  168  169  170  171  172  173  173  173  173  173
  173  174  175  177  180  183  187  191  196  201  208  215  223  232  240  247
  252  254  254  251  246  240  234  229  225  224  225  228  232  237  243  248
  251  253  254  253  251  247  242  237  231  225  218  211  204  197  191  185
  180  177  175  174  174  174  174  174  173
    67.5-180.0 180.0   5.0 450.0                            LAT/LON1/LON2/DLON/H
  177  177  175  174  173  173  174  175  176  177  177  177  177  176  175  174
  174  174  176  179  183  187  192  197  202  207  213  220  228  236  244  252
  257  260  260  257  252  246  240  235  233  232  234  237  242  246  249  251
  252  250  247  243  237  231  225  219  213  207  202  197  191  186  180  176
  172  170  170  171  172  174  176  177  177
    65.0-180.0 180.0   5.0 450.0                            LAT/LON1/LON2/DLON/H
  181  181  180  179  179  179  181  182  184  185  186  185  184  182  180  178
  177  178  180  184  189  194  199  205  210  214  219  225  231  238  246  253
  258  261  261  258  254  248  243  239  238  239  242  246  250  252  253  252
  249  244  238  230  223  215  208  203  198  195  192  189  186  182  178  174
  171  169  169  171  173  177  179  181  181
    62.5-180.0 180.0   5.0 450.0                            LAT/LON1/LON2/DLON/H
  183  183  182  181  182  184  186  189  192  194  195  194  192  190  187  185
  184  184  187  190  196  202  208  213  218  222  225  229  234  240  246  252
  257  259  260  257  253  249  245  243  244  246  250  254  256  257  255  252
  246  239  230  222  213  206  200  196  194  193  193  193  191  189  185  181
  177  174  173  174  176  179  181  183  183
    60.0-180.0 180.0   5.0 450.0                            LAT/LON1/LON2/DLON/H
  182  181  180  180  181  184  189  193  197  200  202  202  200  198  196  193
  192  192  194  198  203  208  214  220  224  228  231  234  237  241  247  252
  256  259  260  258  255  252  250  250  252  255  259  261  262  261  257  252
  245  237  229  221  213  207  203  201  202  204  206  208  208  206  201  195
  189  183  180  179  179  181  182  183  182
    57.5-180.0 180.0   5.0 450.0                            LAT/LON1/LON2/DLON/H
  179  177  175  175  177  181  187  193  199  203  205  206  206  205  203  202
  201  201  202  205  209  214  219  224  228  232  235  238  242  246  251  256
  261  264  266  265  263  262  261  262  264  267  270  270  269  266  261  255
  249  243  237  231  226  222  220  220  222  226  230  232  233  230  223  215
  205  196  190  185  183  183  182  181  179
    55.0-180.0 180.0   5.0 450.0                            LAT/LON1/LON2/DLON/H
  176  172  170  169  172  177  183  190  196  202  205  207  209  209  210  210
  210  210  211  212  215  218  222  226  231  236  240  245  250  255  261  267
  273  277  280  281  281  280  280  281  282  283  283  281  277  273  268  263
  259  256  253  251  249  247  246  247  250  254  258  260  260  255  247  235
  223  211  200  193  188  185  183  180  176
    52.5-180.0 180.0   5.0 450.0                            LAT/LON1/LON2/DLON/H
  176  171  168  166  168  173  179  186  193  199  203  206  209  212  215  217
  219  221  221  222  223  224  227  230  235  241  248  255  262  270  277  285
  292  298  303  306  307  306  306  305  304  302  299  294  288  283  279  276
  276  276  277  277  277  277  277  277  279  282  284  285  283  277  267  253
  239  224  212  202  195  190  186  182  176
    50.0-180.0 180.0   5.0 450.0                            LAT/LON1/LON2/DLON/H
  182  175  170  168  168  172  177  183  190  196  201  205  208  213  218  224
  229  232  234  235  235  236  237  239  244  251  259  270  280  290  300  309
  318  326  333  338  340  340  338  335  330  325  317  310  303  298  295  295
  297  300  303  305  305  305  303  302  302  303  303  302  298  291  280  266
  251  236  223  212  204  199  194  188  182
    47.5-180.0 180.0   5.0 450.0                            LAT/LON1/LON2/DLON/H
  192  184  177  173  172  174  178  183  190  195  200  205  209  215  222  231
  239  245  250  253  254  255  256  257  261  268  278  290  303  315  326  337
  348  358  368  374  378  377  374  368  360  350  339  330  322  317  317  318
  322  325  328  329  327  325  322  319  316  314  312  309  304  296  286  273
  260  246  234  223  216  210  205  200  192
    45.0-180.0 180.0   5.0 450.0                            LAT/LON1/LON2/DLON/H
  206  196  188  182  179  179  181  186  192  199  204  208  212  218  227  237
  249  259  268  275  280  283  284  285  287  293  304  317  331  343  355  367
  380  393  405  414  418  418  413  404  392  379  366  355  347  343  343  346
  348  349  348  346  341  336  330  325  320  316  312  308  302  294  285  276
  265  255  244  235  229  224  220  214  206
    42.5-180.0 180.0   5.0 450.0                            LAT/LON1/LON2/DLON/H
  220  209  199  191  187  185  186  190  197  205  211  215  219  224  233  245
  259  273  287  300  311  318  321  321  322  326  335  348  361  374  386  399
  413  428  443  455  461  461  455  444  429  413  398  386  378  375  375  375
  374  371  365  356  348  339  331  324  318  313  308  303  297  290  283  276
  270  263  255  248  242  238  234  228  220
    40.0-180.0 180.0   5.0 450.0                            LAT/LON1/LON2/DLON/H
  232  220  208  199  192  189  189  193  202  212  220  225  229  233  242  254
  269  287  306  326  343  355  361  361  360  363  370  381  393  405  417  430
  447  465  483  498  506  507  501  488  471  452  436  424  416  412  410  407
  401  391  379  365  352  341  331  323  316  311  306  300  293  287  281  278
  275  271  266  260  254  251  247  241  232
    37.5-180.0 180.0   5.0 450.0                            LAT/LON1/LON2/DLON/H
  242  228  215  204  195  190  190  195  206  218  229  236  240  245  253  265
  281  300  323  348  372  390  399  400  398  398  403  412  424  435  448  463
  482  504  525  543  554  557  550  536  518  498  480  467  458  452  447  440
  428  413  394  376  360  347  337  328  321  315  309  303  296  288  283  281
  281  280  277  271  266  262  259  252  242
    35.0-180.0 180.0   5.0 450.0                            LAT/LON1/LON2/DLON/H
  249  234  219  207  197  191  189  195  207  223  237  246  251  257  266  278
  294  313  338  367  395  418  429  431  429  428  431  440  452  464  479  497
  519  544  569  590  604  608  603  588  568  547  528  513  503  494  484  473
  457  437  415  394  377  363  353  344  336  328  322  314  305  296  290  288
  289  290  287  281  275  272  268  261  249
    32.5-180.0 180.0   5.0 450.0                            LAT/LON1/LON2/DLON/H
  257  241  225  212  201  193  190  194  207  225  241  253  261  270  281  294
  309  327  351  380  410  435  448  451  448  448  452  462  476  491  509  531
  557  585  613  636  652  658  654  640  619  596  575  559  545  533  520  505
  487  467  444  422  404  390  379  369  359  349  340  330  318  307  298  295
  296  297  295  289  284  280  277  270  257
    30.0-180.0 180.0   5.0 450.0                            LAT/LON1/LON2/DLON/H
  266  250  235  222  210  200  194  196  208  225  242  257  269  282  296  311
  325  341  361  388  417  440  453  457  456  457  465  478  496  516  539  565
  595  625  653  676  693  701  698  685  663  639  617  598  582  567  551  535
  518  499  477  456  437  423  410  397  384  371  359  346  332  317  305  300
  300  302  300  295  290  287  285  279  266
    27.5-180.0 180.0   5.0 450.0                            LAT/LON1/LON2/DLON/H
  278  263  249  237  226  215  205  203  211  225  242  257  273  291  311  328
  342  355  371  393  417  436  448  451  453  459  471  490  513  538  567  597
  628  658  685  707  723  732  730  716  695  671  648  629  611  593  577  561
  547  530  511  489  469  453  438  422  404  387  371  356  340  322  308  300
  299  301  300  297  294  293  293  288  278
    25.0-180.0 180.0   5.0 450.0                            LAT/LON1/LON2/DLON/H
  289  278  267  258  248  236  223  216  218  228  240  255  274  297  323  344
  358  368  379  395  413  427  435  440  446  457  475  499  528  559  591  624
  655  682  704  722  736  744  743  731  711  688  667  648  630  612  596  582
  570  557  538  514  491  470  452  433  412  392  373  356  339  320  304  294
  292  294  295  294  293  295  298  297  289
    22.5-180.0 180.0   5.0 450.0                            LAT/LON1/LON2/DLON/H
  297  291  285  280  272  260  245  233  229  232  240  252  272  300  330  354
  369  378  386  396  408  416  422  428  438  456  480  510  542  577  612  646
  674  695  710  721  731  737  737  727  710  691  674  658  642  624  608  596
  586  573  552  524  494  469  447  426  404  382  363  346  329  311  295  283
  280  282  285  286  288  292  298  300  297
    20.0-180.0 180.0   5.0 450.0                            LAT/LON1/LON2/DLON/H
  297  296  296  295  292  281  266  251  242  238  239  248  268  298  331  358
  375  383  389  396  403  407  412  420  436  460  490  523  558  594  630  661
  684  698  704  707  711  715  715  708  696  683  671  660  647  631  615  603
  593  577  550  514  477  446  422  403  383  362  344  329  314  299  282  270
  266  267  270  273  276  282  290  296  297
    17.5-180.0 180.0   5.0 450.0                            LAT/LON1/LON2/DLON/H
  286  289  294  299  300  293  279  264  251  242  238  243  261  291  326  355
  372  382  388  394  399  402  407  420  442  472  505  540  575  611  644  671
  688  694  692  687  684  685  685  682  676  670  665  660  650  635  618  604
  590  569  533  488  442  407  385  369  354  338  323  311  300  287  272  259
  252  251  254  256  260  265  273  281  286
    15.0-180.0 180.0   5.0 450.0                            LAT/LON1/LON2/DLON/H
  263  270  278  287  293  290  279  266  253  242  235  236  252  281  315  344
  362  374  383  391  396  401  409  427  456  491  526  561  594  627  657  680
  691  690  680  668  660  657  658  659  659  660  662  661  653  638  619  601
  581  552  507  453  401  364  346  338  331  320  309  300  292  282  269  254
  244  240  239  240  241  244  250  256  263
    12.5-180.0 180.0   5.0 450.0                            LAT/LON1/LON2/DLON/H
  232  239  249  260  269  270  265  255  245  234  226  226  240  267  299  327
  346  360  373  385  394  403  417  441  475  514  550  582  613  643  669  688
  696  691  677  661  648  642  642  645  650  657  663  665  657  640  618  595
  569  532  481  420  366  331  319  319  321  317  308  301  295  287  274  257
  243  234  229  226  223  221  222  226  232
    10.0-180.0 180.0   5.0 450.0                            LAT/LON1/LON2/DLON/H
  199  204  212  223  232  237  237  232  226  218  211  211  225  250  281  308
  327  344  361  378  393  407  427  458  497  537  572  602  630  656  680  698
  705  700  686  668  652  643  642  647  654  663  670  671  660  640  615  587
  556  516  462  402  350  320  314  322  331  331  324  315  308  300  287  268
  249  235  226  218  210  203  198  197  199
     7.5-180.0 180.0   5.0 450.0                            LAT/LON1/LON2/DLON/H
  172  172  175  183  191  198  201  201  199  194  191  193  208  233  263  289
  310  329  350  372  392  413  439  475  516  556  589  616  642  667  690  708
  718  717  707  690  673  661  657  661  668  676  679  675  660  636  608  579
  547  507  457  403  358  334  334  347  359  360  350  339  329  318  303  282
  260  241  228  217  205  192  182  175  172
     5.0-180.0 180.0   5.0 450.0                            LAT/LON1/LON2/DLON/H
  157  151  148  150  155  161  165  168  168  168  167  173  189  216  246  273
  296  318  343  369  394  420  451  489  530  568  598  623  647  672  696  716
  730  736  732  719  702  688  680  681  684  687  684  672  651  625  597  570
  542  508  467  424  390  373  375  388  397  394  380  363  348  335  318  295
  271  250  235  222  208  192  178  166  157
     2.5-180.0 180.0   5.0 450.0                            LAT/LON1/LON2/DLON/H
  157  145  135  131  132  135  138  140  142  143  145  153  172  200  233  263
  289  314  342  371  400  430  463  501  539  572  598  621  644  669  694  717
  736  749  753  745  729  712  701  696  694  689  677  657  632  605  580  558
  538  514  487  458  434  422  423  429  432  423  402  379  359  343  325  302
  277  257  242  230  216  201  185  171  157
