COD0OPSRAP_20241900000_01D_01H_GIM.INX
     1.0            IONOSPHERE MAPS     GNSS                IONEX VERSION / TYPE
ADDNEQ2 V5.5        AIUB                09-JUL-24 08:04     PGM / RUN BY / DATE 
CODE'S RAPID IONOSPHERE MAPS FOR DAY 190, 2024              COMMENT             
Global ionosphere maps (GIM) are generated on a daily basis DESCRIPTION         
at CODE using data from about 120 GNSS sites of the IGS and DESCRIPTION         
other institutions. The vertical total electron content     DESCRIPTION         
(VTEC) is modeled in a solar-geomagnetic reference frame    DESCRIPTION         
using a spherical harmonics expansion up to degree and      DESCRIPTION         
order 15. Piece-wise linear functions are used for          DESCRIPTION         
representation in the time domain. The time spacing of      DESCRIPTION         
their vertices is 1 hour, conforming with the epochs of the DESCRIPTION         
VTEC maps.                                                  DESCRIPTION         
To convert line-of-sight TEC into vertical TEC, a modified  DESCRIPTION         
single-layer model mapping function approximating the JPL   DESCRIPTION         
extended slab model mapping function is adopted. The        DESCRIPTION         
mapping function is evaluated at geodetic satellite         DESCRIPTION         
elevation angles. For the computation of the ionospheric    DESCRIPTION         
pierce points, a spherical layer with a radius of 6821 km   DESCRIPTION         
is assumed, implying geocentric, not geodetic IONEX         DESCRIPTION         
latitudes.                                                  DESCRIPTION         
Instrumental biases with respect to each involved GNSS code DESCRIPTION         
observable are estimated as constant values for each        DESCRIPTION         
day. They are modeled with one set of bias parameters for   DESCRIPTION         
each satellite and each station in case of GPS and for each DESCRIPTION         
satellite-station link in case of GLONASS. The code bias    DESCRIPTION         
datum is defined by zero-mean conditions imposed on the     DESCRIPTION         
satellite bias estimates. In this file, just GPS C1W-C2W    DESCRIPTION         
satellite and station bias values are included. The         DESCRIPTION         
complete set of GNSS code bias results is provided in an    DESCRIPTION         
additional Bias-SINEX file as pseudo-absolute values        DESCRIPTION         
specific to each observable.                                DESCRIPTION         
Note: These GIM results correspond to the results for the   DESCRIPTION         
last day of a 3-day combination analysis solving for 73     DESCRIPTION         
times 256, or 18688 VTEC parameters and 3 daily sets of     DESCRIPTION         
GNSS code bias parameters.                                  DESCRIPTION         
Contact address: code(at)aiub.unibe.ch                      DESCRIPTION         
Data archive:    ftp.aiub.unibe.ch/CODE/                    DESCRIPTION         
                 www.aiub.unibe.ch/download/CODE/           DESCRIPTION         
  2024     7     8     0     0     0                        EPOCH OF FIRST MAP  
  2024     7     9     0     0     0                        EPOCH OF LAST MAP   
  3600                                                      INTERVAL            
[...]
    87.5 -87.5  -2.5                                        LAT1 / LAT2 / DLAT  
  -180.0 180.0   5.0                                        LON1 / LON2 / DLON  
    -1                                                      EXPONENT            
TEC/RMS values in 0.1 TECU; 9999, if no value available     COMMENT             
Peak TEC values for the included maps:                      COMMENT             
 770  799  825  822  868  884  877  846  823  793  762  740 COMMENT             
 717  723  758  809  824  801  761  771  789  788  797  806 COMMENT             
 817                                                        COMMENT             
List of stations:                                           COMMENT             
adis albh algo alic amu2 areq ascg aspa auck bake bogo bor1 COMMENT             
braz brft brst brux cas1 ccj2 cedu chti chur cord cpvg cro1 COMMENT             
darw dav1 dgar dubo faa1 fair flin flrs frdn func ganp glps COMMENT             
glsv gode gope gras graz guam hers hert hnpt hob2 hofn hrao COMMENT             
iisc ineg invk iqal joz2 jplm karr kerg kir0 kit3 kokv kour COMMENT             
lpal lpgs mac1 mal2 mas1 mat1 mate maw1 mcm4 mizu mkea mobs COMMENT             
mtka nano nklg nnor ntus nya1 onsa park pdel pert pimo pots COMMENT             
qaq1 rabt reun reyk rio2 sant sch2 scub sofi sthl stjo str2 COMMENT             
suth sydn syog tabv tash thti tid1 tow2 ulab unb3 unbj unsa COMMENT             
urum usud vald whit wind wtzz xmis yarr yel2 ykro zim2 zimm COMMENT             
                                                            END OF HEADER       
[from data line 7293]
    18                                                      START OF TEC MAP    
  2024     7     8    17     0     0                        EPOCH OF CURRENT MAP
    87.5-180.0 180.0   5.0 450.0                            LAT/LON1/LON2/DLON/H
  227  228  228  229  229  230  230  231  231  232  232  232  232  233  232  232
  232  232  231  230  230  229  228  227  226  225  223  222  221  220  219  217
  216  215  214  213  213  212  212  211  211  211  211  211  211  211  211  212
  212  213  213  214  214  215  216  216  217  217  218  219  219  220  221  221
  222  222  223  224  224  225  226  226  227
    85.0-180.0 180.0   5.0 450.0                            LAT/LON1/LON2/DLON/H
  224  225  226  227  228  230  231  232  234  235  236  237  238  239  240  240
  240  239  239  238  237  235  233  231  229  227  224  221  219  216  214  211
  209  207  205  203  202  201  200  199  199  199  200  200  201  202  203  204
  205  206  207  208  209  210  211  212  213  214  214  215  216  216  217  217
  218  218  219  220  220  221  222  223  224
    82.5-180.0 180.0   5.0 450.0                            LAT/LON1/LON2/DLON/H
  213  214  215  217  218  220  223  225  228  230  233  236  238  240  242  243
  244  244  244  243  241  240  237  235  232  228  225  221  218  214  210  207
  203  200  198  196  194  193  192  191  192  192  193  195  196  198  200  201
  203  205  206  207  208  209  209  210  210  210  210  210  210  210  210  210
  210  210  210  211  211  211  212  212  213
    80.0-180.0 180.0   5.0 450.0                            LAT/LON1/LON2/DLON/H
  199  199  200  201  203  205  208  211  215  219  223  227  231  235  238  240
  242  243  244  243  242  241  239  236  233  230  226  222  218  214  210  206
  202  199  196  193  192  190  190  190  190  192  193  195  198  200  202  204
  206  207  208  209  209  209  208  208  207  206  205  203  203  202  201  201
  200  200  200  199  199  199  199  199  199
    77.5-180.0 180.0   5.0 450.0                            LAT/LON1/LON2/DLON/H
  187  186  186  186  187  189  191  195  199  204  210  215  221  226  230  234
  236  238  239  240  239  239  237  235  233  230  228  224  221  217  213  209
  206  202  199  197  195  194  194  194  195  197  199  201  204  206  208  210
  211  212  212  211  210  208  206  204  201  198  196  194  193  191  190  190
  190  189  189  189  189  188  188  187  187
    75.0-180.0 180.0   5.0 450.0                            LAT/LON1/LON2/DLON/H
  181  179  178  176  176  177  178  181  186  191  197  203  210  216  221  225
  228  231  232  233  234  234  233  233  232  230  229  227  224  221  218  215
  212  209  206  203  202  201  201  201  203  205  207  209  212  214  215  216
  216  215  213  211  208  204  200  196  192  189  185  183  181  180  180  180
  180  181  182  183  183  183  183  182  181
    72.5-180.0 180.0   5.0 450.0                            LAT/LON1/LON2/DLON/H
  184  182  179  176  174  173  173  175  178  183  189  196  202  208  214  218
  221  223  224  226  227  228  228  229  230  230  229  229  227  225  223  221
  218  215  212  210  209  208  208  209  210  212  214  216  217  218  218  217
  216  213  210  206  202  197  192  186  181  177  174  171  170  170  171  172
  175  177  179  182  184  185  185  185  184
    70.0-180.0 180.0   5.0 450.0                            LAT/LON1/LON2/DLON/H
  195  193  190  186  182  179  177  177  179  183  189  195  201  207  211  214
  216  217  218  220  221  223  225  226  228  229  230  230  229  228  226  224
  222  219  217  214  213  212  212  213  214  216  217  218  218  217  216  213
  210  206  202  197  192  187  181  176  171  167  164  162  162  163  166  169
  173  177  181  185  189  192  195  196  195
    67.5-180.0 180.0   5.0 450.0                            LAT/LON1/LON2/DLON/H
  211  211  208  203  198  192  189  187  188  191  196  202  207  211  214  216
  216  216  216  217  218  220  223  225  227  229  229  229  229  228  227  225
  223  220  218  215  214  213  212  213  214  215  216  216  215  213  210  206
  201  196  192  187  182  177  172  167  163  160  158  158  159  161  165  169
  174  179  185  190  196  202  207  210  211
    65.0-180.0 180.0   5.0 450.0                            LAT/LON1/LON2/DLON/H
  227  228  227  222  216  210  205  202  202  204  208  213  218  221  223  222
  221  219  217  217  219  221  224  226  228  229  229  228  228  227  226  224
  222  220  217  214  212  211  211  211  212  213  213  213  210  207  202  197
  192  187  182  178  175  171  168  164  162  160  159  160  162  165  169  173
  178  183  188  194  201  209  217  223  227
    62.5-180.0 180.0   5.0 450.0                            LAT/LON1/LON2/DLON/H
  237  241  241  238  233  226  221  217  217  218  222  227  231  234  234  232
  228  224  221  220  221  223  226  228  229  229  228  227  227  226  226  225
  223  220  217  214  211  210  210  210  211  212  212  211  208  204  199  193
  188  183  179  176  174  172  171  169  167  166  166  168  170  173  176  179
  182  185  189  194  202  211  221  230  237
    60.0-180.0 180.0   5.0 450.0                            LAT/LON1/LON2/DLON/H
  239  246  248  247  243  237  232  229  229  231  235  240  245  247  246  242
  237  231  226  224  224  226  228  230  230  229  228  227  227  228  229  229
  227  225  221  218  215  213  213  213  215  216  216  215  212  208  203  197
  192  187  184  183  182  182  181  180  180  179  179  180  182  184  185  186
  186  186  187  190  196  206  217  229  239
    57.5-180.0 180.0   5.0 450.0                            LAT/LON1/LON2/DLON/H
  233  242  247  248  246  242  239  237  238  241  246  251  256  258  257  252
  245  237  231  227  226  227  229  230  230  229  228  228  230  233  236  237
  237  235  231  227  224  223  222  223  224  226  226  226  224  221  216  211
  205  201  199  197  197  197  197  197  196  195  195  195  195  195  194  192
  189  185  182  182  187  195  208  221  233
    55.0-180.0 180.0   5.0 450.0                            LAT/LON1/LON2/DLON/H
  223  233  240  243  244  243  242  242  244  248  253  259  264  266  265  261
  253  244  235  229  227  227  228  229  229  229  229  232  236  242  248  251
  252  250  246  243  240  239  239  239  241  242  243  243  242  240  236  232
  227  222  219  218  217  216  216  215  213  212  210  209  207  205  202  197
  191  184  177  174  176  184  195  209  223
    52.5-180.0 180.0   5.0 450.0                            LAT/LON1/LON2/DLON/H
  212  224  232  237  240  242  244  246  250  254  259  265  270  273  272  268
  260  250  240  232  228  227  227  228  228  230  232  238  245  254  262  267
  268  267  264  261  259  259  259  261  262  263  264  265  264  263  260  256
  251  246  241  238  236  234  232  230  229  226  224  221  217  213  208  202
  193  184  175  169  169  175  185  199  212
    50.0-180.0 180.0   5.0 450.0                            LAT/LON1/LON2/DLON/H
  206  218  227  233  239  244  249  254  258  263  267  271  275  278  279  275
  268  258  247  238  232  229  229  230  231  234  239  247  257  267  276  282
  284  283  281  280  279  280  282  284  285  286  286  286  286  285  283  278
  273  266  261  255  251  247  244  242  239  237  234  230  225  219  213  206
  197  187  178  170  168  172  181  194  206
    47.5-180.0 180.0   5.0 450.0                            LAT/LON1/LON2/DLON/H
  207  218  228  236  244  251  259  266  271  275  278  280  283  285  285  284
  278  270  259  249  241  237  236  238  240  244  251  260  270  280  288  293
  296  296  296  297  299  302  306  308  309  308  307  305  305  303  300  296
  289  281  274  266  260  255  251  248  247  245  243  238  231  225  218  212
  204  195  186  178  175  177  184  195  207
    45.0-180.0 180.0   5.0 450.0                            LAT/LON1/LON2/DLON/H
  214  225  235  245  254  264  273  282  288  291  293  292  292  293  294  294
  291  285  276  267  259  255  254  255  258  263  270  278  286  293  299  303
  305  308  311  315  320  325  330  332  332  330  326  322  319  316  312  306
  298  289  280  272  264  258  254  252  253  253  251  246  239  231  225  219
  214  207  199  191  187  188  194  204  214
    42.5-180.0 180.0   5.0 450.0                            LAT/LON1/LON2/DLON/H
  225  236  247  258  269  280  290  300  306  310  310  308  305  303  304  306
  307  305  300  293  286  282  281  283  286  290  296  301  305  308  310  312
  317  323  330  338  345  351  356  359  357  352  344  336  330  325  319  313
  304  294  285  275  267  261  257  257  260  263  262  257  249  240  233  229
  226  221  215  208  203  203  207  216  225
    40.0-180.0 180.0   5.0 450.0                            LAT/LON1/LON2/DLON/H
  237  248  260  271  283  294  305  316  324  329  329  325  320  316  316  320
  324  328  328  325  321  318  317  319  322  326  329  330  330  328  327  329
  336  348  360  371  379  385  389  390  386  377  365  353  342  334  327  319
  310  300  290  282  274  268  265  266  271  276  276  271  261  251  244  240
  239  236  231  224  219  217  220  227  237
    37.5-180.0 180.0   5.0 450.0                            LAT/LON1/LON2/DLON/H
  246  257  270  282  293  304  315  327  337  345  347  343  337  332  331  335
  343  352  358  360  359  358  358  360  363  366  367  365  361  356  353  358
  371  390  407  420  427  430  430  427  420  407  390  373  359  349  340  331
  322  312  303  294  287  281  279  281  286  292  292  286  275  263  255  251
  250  249  244  237  231  229  230  236  246
    35.0-180.0 180.0   5.0 450.0                            LAT/LON1/LON2/DLON/H
  251  263  276  288  298  308  318  331  345  356  362  361  355  349  347  352
  363  376  387  394  397  398  399  402  405  407  408  405  400  394  394  404
  425  451  474  487  489  485  479  471  460  442  421  399  381  369  360  351
  341  332  323  315  308  302  299  300  305  308  307  299  286  273  263  259
  258  257  252  246  239  235  236  241  251
    32.5-180.0 180.0   5.0 450.0                            LAT/LON1/LON2/DLON/H
  252  265  278  290  298  306  316  329  346  363  374  377  374  368  366  371
  383  399  414  425  431  433  435  438  442  446  449  448  445  444  449  467
  497  530  556  566  560  547  532  518  501  479  453  427  407  394  385  376
  367  357  348  340  333  326  322  321  322  322  318  308  293  278  267  262
  261  259  255  249  242  238  238  243  252
    30.0-180.0 180.0   5.0 450.0                            LAT/LON1/LON2/DLON/H
  252  265  278  289  296  301  310  325  345  366  383  391  392  389  387  392
  404  421  438  451  458  461  463  467  472  479  486  491  495  500  515  542
  579  618  643  647  632  607  583  561  540  513  482  453  431  418  409  402
  393  383  373  364  356  348  341  337  333  329  321  308  291  276  264  259
  257  255  252  247  242  238  238  242  252
    27.5-180.0 180.0   5.0 450.0                            LAT/LON1/LON2/DLON/H
  252  265  278  288  293  297  305  321  344  368  389  403  409  410  410  415
  426  443  460  472  479  482  483  487  494  505  518  531  544  559  582  617
  660  700  722  717  691  655  622  595  568  537  503  471  448  434  426  419
  410  400  390  380  370  361  352  344  336  327  314  298  281  266  255  249
  247  246  244  241  238  236  237  242  252
    25.0-180.0 180.0   5.0 450.0                            LAT/LON1/LON2/DLON/H
  252  265  279  288  293  296  305  321  344  370  394  412  424  430  434  440
  450  464  479  490  495  496  497  501  510  525  545  566  589  613  643  682
  726  763  777  764  727  683  644  612  582  548  510  475  450  435  427  420
  412  402  392  381  371  361  351  340  329  315  298  281  264  249  239  233
  231  230  231  232  233  234  236  242  252
    22.5-180.0 180.0   5.0 450.0                            LAT/LON1/LON2/DLON/H
  251  266  280  290  295  300  309  325  348  373  397  418  435  447  456  464
  474  486  497  506  509  509  509  514  525  543  568  596  625  655  689  727
  766  795  801  778  734  686  645  612  581  544  502  464  435  418  409  402
  394  386  377  367  357  347  337  327  313  296  277  258  242  229  220  214
  211  212  215  220  225  230  234  241  251
    20.0-180.0 180.0   5.0 450.0                            LAT/LON1/LON2/DLON/H
  248  263  278  291  298  305  316  333  354  376  398  419  440  459  474  485
  495  506  515  521  523  523  523  529  541  561  589  620  653  684  714  746
  776  794  789  760  714  667  629  599  567  528  483  440  407  386  374  366
  360  354  348  341  332  324  316  306  293  275  255  236  221  210  201  194
  190  191  197  205  214  222  228  236  248
    17.5-180.0 180.0   5.0 450.0                            LAT/LON1/LON2/DLON/H
  238  254  272  287  299  310  323  341  359  377  396  416  440  463  484  500
  512  522  531  536  538  539  543  550  563  584  610  641  671  697  721  742
  759  765  751  718  675  635  604  580  550  509  459  411  372  346  330  321
  317  316  314  310  304  298  293  286  275  258  238  220  205  194  185  176
  171  171  177  188  200  210  217  226  238
    15.0-180.0 180.0   5.0 450.0                            LAT/LON1/LON2/DLON/H
  221  238  257  276  293  309  327  345  362  376  391  409  434  461  487  507
  522  534  543  549  554  559  566  577  592  611  634  659  683  701  713  722
  726  720  700  668  631  602  582  564  537  494  440  386  342  310  290  280
  279  283  287  287  283  279  276  272  263  248  229  211  196  185  174  163
  156  154  159  170  182  192  200  209  221
    12.5-180.0 180.0   5.0 450.0                            LAT/LON1/LON2/DLON/H
  197  214  235  257  279  301  323  344  361  373  385  401  426  455  483  507
  525  539  550  560  569  579  592  607  624  641  659  677  691  699  701  697
  690  677  655  626  599  581  572  561  535  490  432  374  325  288  265  254
  257  267  277  280  277  272  269  267  260  247  229  210  195  182  169  156
  145  141  144  153  163  172  179  186  197
    10.0-180.0 180.0   5.0 450.0                            LAT/LON1/LON2/DLON/H
  170  185  207  232  259  287  314  338  357  370  381  397  420  448  476  501
  521  537  552  565  580  597  616  637  655  671  684  694  700  698  691  680
  667  650  628  605  588  581  580  574  548  501  440  379  327  288  264  254
  260  275  289  294  289  281  275  271  265  252  234  215  199  184  170  154
  141  133  133  139  147  152  156  161  170
     7.5-180.0 180.0   5.0 450.0                            LAT/LON1/LON2/DLON/H
  144  157  178  205  236  268  300  328  351  368  382  398  419  445  470  493
  514  532  549  566  586  609  635  660  681  696  706  710  710  702  690  676
  662  646  628  611  601  601  605  599  571  521  459  399  348  311  288  280
  288  305  321  325  316  301  289  280  272  258  240  221  204  188  172  156
  141  131  129  131  134  137  137  138  144
     5.0-180.0 180.0   5.0 450.0                            LAT/LON1/LON2/DLON/H
  124  133  152  179  213  250  286  319  348  371  390  409  429  449  470  490
  509  527  545  565  587  615  646  675  698  713  721  723  720  711  699  688
  677  666  652  640  633  634  637  628  597  545  483  426  382  351  332  327
  335  351  364  364  348  324  303  287  275  260  242  223  205  190  174  158
  144  134  129  128  128  127  125  122  124
     2.5-180.0 180.0   5.0 450.0                            LAT/LON1/LON2/DLON/H
  112  117  133  160  196  236  276  314  349  380  406  429  448  463  478  493
  509  526  544  564  587  617  649  680  704  719  728  730  728  721  714  707
  703  697  689  678  670  667  664  649  613  559  500  451  416  395  383  379
  385  397  404  397  373  340  309  285  268  252  234  216  200  186  173  160
  147  138  133  130  127  124  120  114  112
