COD0OPSRAP_20242430000_01D_01H_GIM.INX
     1.0            IONOSPHERE MAPS     GNSS                IONEX VERSION / TYPE
ADDNEQ2 V5.5        AIUB                31-AUG-24 08:01     PGM / RUN BY / DATE 
CODE'S RAPID IONOSPHERE MAPS FOR DAY 243, 2024              COMMENT             
Global ionosphere maps (GIM) are generated on a daily basis DESCRIPTION         
at CODE using data from about 120 GNSS sites of the IGS and DESCRIPTION         
other institutions. The vertical total electron content     DESCRIPTION         
(VTEC) is modeled in a solar-geomagnetic reference frame    DESCRIPTION         
using a spherical harmonics expansion up to degree and      DESCRIPTION         
order 15. Piece-wise linear functions are used for          DESCRIPTION         
representation in the time domain. The time spacing of      DESCRIPTION         
their vertices is 1 hour, conforming with the epochs of the DESCRIPTION         
VTEC maps.                                                  DESCRIPTION         
To convert line-of-sight TEC into vertical TEC, a modified  DESCRIPTION         
single-layer model mapping function approximating the JPL   DESCRIPTION         
extended slab model mapping function is adopted. The        DESCRIPTION         
mapping function is evaluated at geodetic satellite         DESCRIPTION         
elevation angles. For the computation of the ionospheric    DESCRIPTION         
pierce points, a spherical layer with a radius of 6821 km   DESCRIPTION         
is assumed, implying geocentric, not geodetic IONEX         DESCRIPTION         
latitudes.                                                  DESCRIPTION         
Instrumental biases with respect to each involved GNSS code DESCRIPTION         
observable are estimated as constant values for each        DESCRIPTION         
day. They are modeled with one set of bias parameters for   DESCRIPTION         
each satellite and each station in case of GPS and for each DESCRIPTION         
satellite-station link in case of GLONASS. The code bias    DESCRIPTION         
datum is defined by zero-mean conditions imposed on the     DESCRIPTION         
satellite bias estimates. In this file, just GPS C1W-C2W    DESCRIPTION         
satellite and station bias values are included. The         DESCRIPTION         
complete set of GNSS code bias results is provided in an    DESCRIPTION         
additional Bias-SINEX file as pseudo-absolute values        DESCRIPTION         
specific to each observable.                                DESCRIPTION         
Note: These GIM results correspond to the results for the   DESCRIPTION         
last day of a 3-day combination analysis solving for 73     DESCRIPTION         
times 256, or 18688 VTEC parameters and 3 daily sets of     DESCRIPTION         
GNSS code bias parameters.                                  DESCRIPTION         
Contact address: code(at)aiub.unibe.ch                      DESCRIPTION         
Data archive:    ftp.aiub.unibe.ch/CODE/                    DESCRIPTION         
                 www.aiub.unibe.ch/download/CODE/           DESCRIPTION         
  2024     8    30     0     0     0                        EPOCH OF FIRST MAP  
  2024     8    31     0     0     0                        EPOCH OF LAST MAP   
  3600                                                      INTERVAL            
[...]
    87.5 -87.5  -2.5                                        LAT1 / LAT2 / DLAT  
  -180.0 180.0   5.0                                        LON1 / LON2 / DLON  
    -1                                                      EXPONENT            
TEC/RMS values in 0.1 TECU; 9999, if no value available     COMMENT             
Peak TEC values for the included maps:                      COMMENT             
1111 1154 1203 1240 1209 1162 1142 1152 1160 1142 1139 1135 COMMENT             
1112 1097 1140 1210 1234 1219 1175 1142 1196 1216 1208 1199 COMMENT             
1200                                                        COMMENT             
List of stations:                                           COMMENT             
albh algo alic amu2 areq ascg aspa bake bogo bor1 braz brft COMMENT             
brst brux bshm cas1 ccj2 cedu chur cord cpvg cro1 darw dav1 COMMENT             
dgar dubo faa1 fair flin flrs frdn func ganp glps glsv gode COMMENT             
gope gras graz guam guat hert hnpt hob2 hofn hrao iisc ineg COMMENT             
invk iqal joz2 jplm kerg kir0 kit3 kour lpal lpgs mac1 mal2 COMMENT             
mas1 mat1 mate maw1 mcm4 mizu mkea mobs mtka nano nklg nnor COMMENT             
ntus nya1 onsa park pdel pert pimo pots qaq1 rabt ramo reun COMMENT             
reyk rio2 sant sch2 scub sofi sthl stjo str2 suth sydn syog COMMENT             
tabv tash thti thu2 tid1 tn22 tow2 ulab unb3 unbj unsa urum COMMENT             
usud vald whit wtzz xmis yarr yel2 ykro zim2 zimm           COMMENT             
                                                            END OF HEADER       
[from data line 8151]
    20                                                      START OF TEC MAP    
  2024     8    30    19     0     0                        EPOCH OF CURRENT MAP
    87.5-180.0 180.0   5.0 450.0                            LAT/LON1/LON2/DLON/H
  249  251  253  254  256  258  260  262  263  265  266  267  268  269  270  270
  270  270  270  269  268  267  265  263  262  260  257  255  253  251  248  246
  244  242  240  238  236  234  233  232  231  230  230  229  229  229  229  229
  230  230  230  231  231  232  232  233  233  234  234  235  236  236  237  238
  239  240  241  242  243  245  246  248  249
    85.0-180.0 180.0   5.0 450.0                            LAT/LON1/LON2/DLON/H
  237  240  244  247  252  256  260  265  269  274  278  282  285  288  291  292
  293  294  293  292  290  287  283  279  275  270  265  260  255  249  244  239
  234  230  226  222  219  216  214  212  211  211  211  211  212  213  214  216
  217  219  220  221  222  223  224  224  224  224  224  224  223  223  223  223
  223  224  225  226  227  229  231  234  237
    82.5-180.0 180.0   5.0 450.0                            LAT/LON1/LON2/DLON/H
  212  216  221  227  233  240  248  255  263  272  280  287  294  301  306  310
  312  314  313  311  308  304  298  292  285  277  270  262  254  246  238  231
  224  217  212  206  202  199  196  194  194  194  195  197  199  202  206  209
  212  215  217  219  220  221  220  219  218  216  213  211  208  206  204  202
  201  200  200  201  202  203  206  209  212
    80.0-180.0 180.0   5.0 450.0                            LAT/LON1/LON2/DLON/H
  182  186  191  197  205  213  223  234  245  257  269  282  293  303  312  319
  324  326  326  324  319  313  305  296  287  277  267  258  248  239  230  222
  214  207  200  194  189  186  183  181  181  182  185  188  193  198  203  208
  213  217  220  222  222  221  218  214  210  204  199  193  188  183  179  175
  173  171  171  171  171  173  175  178  182
    77.5-180.0 180.0   5.0 450.0                            LAT/LON1/LON2/DLON/H
  153  157  161  166  173  182  192  204  218  233  249  266  282  297  310  320
  327  330  330  327  320  312  301  290  278  267  256  245  236  227  219  212
  205  198  192  186  181  177  175  173  174  175  179  184  190  196  203  209
  215  219  222  223  221  217  212  204  196  187  177  169  161  154  149  145
  143  142  142  143  144  146  148  150  153
    75.0-180.0 180.0   5.0 450.0                            LAT/LON1/LON2/DLON/H
  134  136  139  142  147  153  162  173  188  204  223  243  264  283  300  314
  324  328  328  323  314  302  288  273  259  246  235  225  216  209  203  198
  193  188  184  179  175  172  170  169  169  171  175  180  187  194  201  208
  213  217  218  217  213  206  197  186  174  162  150  139  130  123  119  117
  117  118  120  123  126  128  131  133  134
    72.5-180.0 180.0   5.0 450.0                            LAT/LON1/LON2/DLON/H
  130  130  130  130  131  135  140  149  161  178  197  220  243  267  288  305
  317  323  322  315  303  287  269  251  234  220  208  198  191  186  183  180
  178  176  174  171  169  167  165  164  165  166  170  175  180  187  193  199
  203  206  205  201  195  185  174  160  146  131  118  107   99   95   93   95
   98  104  110  115  121  125  128  129  130
    70.0-180.0 180.0   5.0 450.0                            LAT/LON1/LON2/DLON/H
  139  138  136  133  132  131  132  136  145  158  177  199  225  251  276  297
  312  319  318  309  294  274  253  231  211  194  181  172  166  163  162  161
  162  162  162  162  162  161  160  160  160  161  163  166  170  175  179  183
  185  184  182  176  168  157  144  130  115  101   89   80   75   74   77   83
   92  102  112  121  128  133  137  139  139
    67.5-180.0 180.0   5.0 450.0                            LAT/LON1/LON2/DLON/H
  156  155  153  150  146  141  138  138  141  150  165  186  212  240  267  291
  309  318  318  309  292  270  245  220  197  179  165  155  149  147  146  147
  148  150  153  155  156  157  157  156  155  155  155  156  157  159  161  161
  160  157  152  146  137  126  114  101   88   77   68   62   61   64   72   83
   96  110  123  134  143  149  153  155  156
    65.0-180.0 180.0   5.0 450.0                            LAT/LON1/LON2/DLON/H
  173  174  174  173  169  163  157  152  150  153  163  180  204  232  261  287
  308  320  322  314  298  275  249  223  199  179  164  155  148  145  144  144
  146  148  152  155  158  159  159  157  155  152  150  148  146  144  142  139
  135  130  123  116  108  100   91   81   72   64   59   57   59   67   78   93
  109  124  138  150  158  164  168  171  173
    62.5-180.0 180.0   5.0 450.0                            LAT/LON1/LON2/DLON/H
  185  190  194  196  195  191  183  175  167  165  169  182  203  229  258  285
  308  323  328  324  310  290  265  240  217  198  184  175  169  165  163  161
  162  164  167  170  172  173  171  167  162  157  151  146  141  135  130  124
  117  110  103   96   90   84   79   74   69   65   63   64   69   78   91  107
  123  139  151  161  168  173  177  181  185
    60.0-180.0 180.0   5.0 450.0                            LAT/LON1/LON2/DLON/H
  188  198  207  215  218  217  211  201  190  183  183  190  206  229  255  282
  305  322  332  333  325  309  289  268  248  233  222  215  211  208  204  201
  200  200  201  203  203  201  197  189  180  171  162  153  145  137  129  120
  111  103   96   90   86   84   82   81   80   78   78   81   86   95  107  121
  135  148  158  165  169  172  176  181  188
    57.5-180.0 180.0   5.0 450.0                            LAT/LON1/LON2/DLON/H
  185  198  213  226  235  238  235  226  214  205  200  203  214  232  254  277
  298  316  329  335  334  326  313  298  285  275  270  269  269  268  265  261
  257  255  254  253  249  243  234  222  208  195  182  171  160  150  140  130
  121  112  105  101   98   98   99  100  101  101  101  102  105  111  120  130
  140  149  155  159  162  164  168  175  185
    55.0-180.0 180.0   5.0 450.0                            LAT/LON1/LON2/DLON/H
  180  196  215  232  246  253  253  247  237  227  220  220  227  239  255  272
  289  304  319  330  336  336  331  324  318  316  319  326  332  335  334  330
  324  319  315  310  303  292  277  260  242  225  209  195  183  171  161  152
  143  135  129  125  124  124  126  127  128  127  125  122  122  123  127  132
  138  143  147  149  151  154  159  167  180
    52.5-180.0 180.0   5.0 450.0                            LAT/LON1/LON2/DLON/H
  180  198  217  236  252  263  267  264  257  249  244  242  246  253  261  270
  279  290  303  316  328  336  339  339  341  347  359  374  387  395  397  393
  386  379  372  364  352  336  317  296  275  256  238  222  209  197  188  180
  173  167  162  158  156  156  156  156  155  152  146  140  135  131  130  130
  132  134  136  139  142  148  155  166  180
    50.0-180.0 180.0   5.0 450.0                            LAT/LON1/LON2/DLON/H
  191  208  226  244  259  271  278  279  277  273  270  270  271  274  275  275
  275  278  287  300  316  329  338  344  352  365  384  405  425  436  440  436
  429  420  412  401  387  369  347  324  302  282  263  246  232  221  213  208
  204  200  196  192  189  186  185  183  179  173  165  155  146  137  131  127
  125  126  129  134  141  151  163  176  191
    47.5-180.0 180.0   5.0 450.0                            LAT/LON1/LON2/DLON/H
  212  227  242  256  270  282  290  296  299  300  301  303  304  304  300  292
  283  277  279  289  305  321  333  343  354  371  393  418  439  452  455  451
  443  434  426  415  401  384  363  341  320  300  281  264  249  239  233  230
  230  228  225  221  217  212  209  205  199  191  181  169  157  145  135  128
  124  124  128  137  150  165  181  197  212
    45.0-180.0 180.0   5.0 450.0                            LAT/LON1/LON2/DLON/H
  242  254  264  275  286  296  306  316  324  331  336  341  344  342  335  322
  305  291  286  291  305  320  333  344  355  371  392  415  434  444  445  439
  430  423  416  409  399  385  368  350  331  312  294  275  260  250  246  246
  248  249  247  243  238  233  228  223  217  209  199  187  173  159  147  137
  132  131  136  148  166  187  208  226  242
    42.5-180.0 180.0   5.0 450.0                            LAT/LON1/LON2/DLON/H
  272  282  290  297  306  316  327  340  353  365  375  382  386  386  379  364
  343  323  311  310  320  333  345  354  363  376  391  408  420  423  419  411
  403  398  396  395  391  384  373  359  343  325  305  285  269  259  256  257
  261  263  262  259  254  249  245  241  236  230  221  209  196  181  167  156
  148  146  151  165  186  211  236  257  272
    40.0-180.0 180.0   5.0 450.0                            LAT/LON1/LON2/DLON/H
  296  306  313  319  328  339  352  369  386  402  415  424  429  431  427  414
  393  370  353  347  352  361  371  378  385  392  400  407  409  405  396  386
  380  379  384  391  396  397  392  381  365  346  323  301  283  272  269  271
  274  276  275  272  268  265  263  262  260  256  249  238  224  209  194  181
  171  167  170  182  204  231  258  281  296
    37.5-180.0 180.0   5.0 450.0                            LAT/LON1/LON2/DLON/H
  312  323  331  339  350  363  380  399  421  440  454  463  469  473  474  466
  449  427  408  397  397  403  410  416  420  424  425  423  417  407  395  386
  383  389  401  417  430  437  436  425  407  383  356  330  310  298  293  293
  293  293  290  288  286  286  287  288  288  286  280  270  256  240  224  210
  198  190  189  198  217  244  272  296  312
    35.0-180.0 180.0   5.0 450.0                            LAT/LON1/LON2/DLON/H
  320  332  343  355  370  387  407  430  454  475  490  499  504  510  515  515
  504  486  467  453  448  450  456  462  467  469  467  461  451  440  431  427
  430  442  461  483  501  512  510  496  471  439  406  377  355  341  334  329
  324  319  314  312  312  314  317  320  321  319  312  300  284  267  251  237
  224  213  207  211  226  251  278  302  320
    32.5-180.0 180.0   5.0 450.0                            LAT/LON1/LON2/DLON/H
  324  338  352  370  390  411  434  459  485  508  523  530  534  540  550  556
  554  541  523  507  498  496  500  507  515  521  522  518  512  507  507  513
  524  541  564  587  606  615  608  586  552  512  472  439  416  401  390  380
  368  356  348  344  345  348  352  355  354  349  338  322  304  286  271  258
  246  233  223  221  232  254  281  305  324
    30.0-180.0 180.0   5.0 450.0                            LAT/LON1/LON2/DLON/H
  331  347  365  387  412  436  460  486  513  538  553  559  561  567  579  591
  595  587  571  554  541  534  536  545  558  572  582  587  593  603  618  636
  655  675  695  714  727  727  712  680  637  589  544  509  486  470  456  439
  420  402  389  384  384  386  388  387  383  372  356  334  312  293  281  272
  263  251  238  233  240  261  287  312  331
    27.5-180.0 180.0   5.0 450.0                            LAT/LON1/LON2/DLON/H
  347  364  384  410  438  464  488  512  539  565  582  589  590  594  607  621
  630  626  613  594  577  565  562  572  590  614  636  658  682  712  746  777
  801  818  830  837  836  824  797  757  707  655  609  574  551  535  518  496
  471  448  432  425  423  421  418  413  402  385  362  334  308  290  282  279
  276  267  254  247  253  273  301  327  347
    25.0-180.0 180.0   5.0 450.0                            LAT/LON1/LON2/DLON/H
  375  392  413  440  470  496  518  539  565  591  611  620  622  627  638  653
  664  663  652  632  611  592  584  590  612  645  681  721  766  817  868  909
  934  943  939  926  906  877  839  794  744  693  650  617  597  581  563  539
  511  487  470  461  456  449  440  427  410  387  357  325  296  279  276  281
  285  281  272  265  272  294  324  353  375
    22.5-180.0 180.0   5.0 450.0                            LAT/LON1/LON2/DLON/H
  410  428  449  477  506  532  550  568  592  619  642  656  661  666  677  692
  703  704  694  676  651  625  609  610  631  668  716  772  835  903  965 1010
 1029 1022  997  960  915  868  822  777  733  692  655  628  610  597  581  558
  533  512  497  488  478  465  448  429  407  380  346  311  282  267  269  282
  293  295  289  284  293  318  353  386  410
    20.0-180.0 180.0   5.0 450.0                            LAT/LON1/LON2/DLON/H
  446  466  488  515  545  570  586  600  620  648  675  694  704  712  724  739
  750  754  747  730  704  673  648  640  656  693  746  810  883  959 1024 1064
 1070 1045  995  931  862  797  744  705  675  647  620  599  585  576  565  550
  533  519  510  501  487  467  445  421  397  368  334  298  270  258  265  283
  299  306  303  300  311  340  379  418  446
    17.5-180.0 180.0   5.0 450.0                            LAT/LON1/LON2/DLON/H
  474  499  522  550  581  606  621  633  652  679  710  734  750  763  777  793
  806  813  812  800  776  742  709  691  697  727  777  841  914  986 1043 1070
 1060 1014  942  852  759  678  622  592  578  566  551  535  525  522  520  517
  513  511  509  501  483  459  431  407  383  357  326  292  267  257  265  285
  304  312  310  309  321  352  396  441  474
    15.0-180.0 180.0   5.0 450.0                            LAT/LON1/LON2/DLON/H
  489  519  545  576  610  637  655  667  684  712  744  772  794  812  830  850
  867  879  884  880  862  829  791  765  760  779  818  871  932  990 1029 1038
 1011  949  860  750  637  542  484  463  465  468  461  450  444  448  459  471
  483  493  498  491  471  442  413  390  371  350  323  294  272  263  271  288
  305  312  309  307  319  351  399  449  489
    12.5-180.0 180.0   5.0 450.0                            LAT/LON1/LON2/DLON/H
  489  525  556  591  628  661  683  699  717  744  777  806  831  853  877  902
  925  943  957  963  953  926  889  857  842  847  870  905  946  981  998  988
  948  878  780  660  532  426  364  350  362  374  372  363  362  375  400  428
  454  474  483  476  453  423  395  375  361  346  326  303  283  274  278  290
  301  304  300  296  307  338  388  442  489
    10.0-180.0 180.0   5.0 450.0                            LAT/LON1/LON2/DLON/H
  477  519  556  595  637  676  706  728  749  777  807  835  860  884  912  943
  972  997 1020 1035 1036 1019  988  955  933  925  931  944  961  971  966  941
  896  828  733  611  477  362  295  281  295  308  305  296  299  323  360  401
  436  460  469  459  435  404  378  363  354  346  332  313  296  286  284  288
  292  290  283  279  288  318  368  425  477
     7.5-180.0 180.0   5.0 450.0                            LAT/LON1/LON2/DLON/H
  462  509  550  593  640  686  724  754  780  809  836  860  880  904  934  968
 1002 1034 1062 1086 1098 1092 1071 1043 1019 1001  990  984  977  966  944  912
  871  815  735  621  488  368  294  272  280  286  277  267  275  307  354  401
  436  456  458  443  417  387  365  354  349  344  334  320  304  293  285  281
  277  272  264  261  270  299  347  406  462
     5.0-180.0 180.0   5.0 450.0                            LAT/LON1/LON2/DLON/H
  452  502  546  592  642  694  739  777  810  840  865  883  896  915  943  979
 1016 1049 1080 1109 1129 1134 1125 1105 1083 1060 1037 1015  992  966  936  906
  877  843  784  687  562  441  360  327  320  313  296  284  296  335  384  427
  452  459  449  427  398  372  353  344  341  336  328  317  304  292  280  269
  260  253  247  247  259  288  336  394  452
     2.5-180.0 180.0   5.0 450.0                            LAT/LON1/LON2/DLON/H
  452  503  549  596  648  703  755  800  839  872  895  906  912  924  947  980
 1015 1046 1075 1103 1127 1141 1142 1132 1114 1090 1061 1030  998  967  938  918
  907  897  863  788  677  561  475  429  406  383  358  345  361  400  445  473
  478  463  437  406  377  354  340  331  326  320  312  303  293  281  267  253
  242  236  235  242  258  290  337  394  452
