JPL0OPSRAP_20242140000_01D_02H_GIM.INX
     1.0            IONOSPHERE MAPS     GPS                 IONEX VERSION / TYPE
GIM V3.0            JPL - GNISD         02-aug-2024 06:49   PGM / RUN BY / DATE 
JPLS GLOBAL IONOSPHERE MAPS YEAR  2024 DAY 214              COMMENT             
Global Ionospheric Maps (GIM) are generated on an hourly    DESCRIPTION         
and daily basis at JPL using data from up to 100 GPS sites  DESCRIPTION         
of the IGS and others institutions.                         DESCRIPTION         
The vertical TEC is modeled in a solar-geomagnetic          DESCRIPTION         
reference frame using bi-cubic splines on a spherical grid. DESCRIPTION         
A Kalman filter is used to solve simultaneously for         DESCRIPTION         
instrumental biases and VTEC on the grid (as stochastic     DESCRIPTION         
parameters). The maps presented here are in the Earth-fixed DESCRIPTION         
reference frame.                                            DESCRIPTION         
The DCB are defined based on the GPS L1 and L2 frequencies. DESCRIPTION         
Contact Address: leo.martire@jpl.nasa.gov                   DESCRIPTION         
                 panagiotis.vergados@jpl.nasa.gov           DESCRIPTION         
  2024     8     1     0     0     0                        EPOCH OF FIRST MAP  
  2024     8     2     0     0     0                        EPOCH OF LAST MAP   
  7200                                                      INTERVAL            
    13                                                      # OF MAPS IN FILE   
  EXTSLAB (HT0=100KM, HT1=300KM, HT2=600KM, HT3=2000KM)     MAPPING FUNCTION    
    10.0                                                    ELEVATION CUTOFF    
One-way carrier phase leveled to code.                      OBSERVABLES USED    
   199                                                      # OF STATIONS       
  6371.0                                                    BASE RADIUS         
     2                                                      MAP DIMENSION       
   450.0 450.0   0.0                                        HGT1 / HGT2 / DHGT  
    87.5 -87.5  -2.5                                        LAT1 / LAT2 / DLAT  
  -180.0 180.0   5.0                                        LON1 / LON2 / DLON  
    -1                                                      EXPONENT            
TEC/RMS unit: 10^(exponent) TECU.                           COMMENT             
DCB     unit: nanosecond.                                   COMMENT             
                                                            END OF HEADER       
[from data line 3861]
    10                                                      START OF TEC MAP    
  2024     8     1    18     0     0                        EPOCH OF CURRENT MAP
    87.5-180.0 180.0   5.0 450.0                            LAT/LON1/LON2/DLON/H
  212  213  213  213  213  214  214  214  214  214  214  215  215  216  216  216
  216  216  216  217  217  217  218  218  218  218  218  218  219  219  219  219
  219  219  219  218  218  218  218  217  216  216  216  216  215  214  214  214
  214  213  213  213  212  212  212  212  211  211  211  211  211  211  211  211
  211  211  211  211  212  212  212  212  212
    85.0-180.0 180.0   5.0 450.0                            LAT/LON1/LON2/DLON/H
  209  210  210  211  211  212  212  213  213  213  214  214  214  215  215  215
  216  216  217  217  218  218  218  219  219  219  220  220  220  221  221  221
  221  221  221  220  220  220  219  218  217  216  216  214  214  213  212  211
  210  210  209  208  208  207  206  206  206  205  205  205  204  204  204  206
  206  206  206  206  207  208  208  209  209
    82.5-180.0 180.0   5.0 450.0                            LAT/LON1/LON2/DLON/H
  206  207  208  209  210  210  211  212  212  212  213  213  214  214  215  216
  216  216  217  218  219  219  220  220  220  221  222  222  222  222  223  223
  223  223  222  222  221  220  219  218  216  216  214  213  212  210  209  208
  207  206  204  204  203  202  201  201  200  200  199  199  199  199  200  200
  200  201  201  202  203  204  204  206  206
    80.0-180.0 180.0   5.0 450.0                            LAT/LON1/LON2/DLON/H
  205  206  208  208  209  210  211  211  212  212  213  213  214  215  216  216
  218  219  220  220  221  222  223  224  224  225  225  225  225  225  225  225
  224  224  224  223  222  221  219  217  216  214  212  211  209  207  206  205
  203  202  201  200  200  199  198  196  196  195  194  194  194  194  194  194
  195  196  197  198  200  201  202  204  205
    77.5-180.0 180.0   5.0 450.0                            LAT/LON1/LON2/DLON/H
  205  206  208  209  210  210  211  212  212  213  214  215  216  217  219  220
  222  223  225  226  227  228  229  230  230  230  230  230  230  230  230  229
  229  227  226  224  223  221  219  216  214  212  210  209  207  205  204  203
  202  201  200  200  199  198  196  196  194  194  193  192  191  191  191  191
  191  193  195  196  198  200  202  204  205
    75.0-180.0 180.0   5.0 450.0                            LAT/LON1/LON2/DLON/H
  208  209  210  211  211  212  212  213  214  215  216  218  221  223  224  227
  229  231  233  234  236  238  239  239  239  239  239  238  236  236  234  234
  232  231  229  226  224  222  220  216  214  212  210  208  206  205  204  203
  203  203  202  202  201  200  198  196  195  193  191  190  189  188  188  188
  189  190  193  196  198  201  204  206  208
    72.5-180.0 180.0   5.0 450.0                            LAT/LON1/LON2/DLON/H
  212  213  214  214  214  214  215  216  218  220  223  225  228  231  234  236
  238  240  242  244  247  249  250  250  249  248  246  245  243  241  240  238
  236  234  233  230  227  224  221  218  216  214  212  210  208  207  206  206
  206  206  206  205  204  202  200  198  195  192  190  186  184  184  183  184
  186  189  193  196  201  204  208  210  212
    70.0-180.0 180.0   5.0 450.0                            LAT/LON1/LON2/DLON/H
  217  219  219  219  219  219  220  221  224  226  230  234  237  240  243  244
  246  248  251  254  256  258  259  259  258  256  253  250  248  245  243  242
  240  238  236  234  231  228  225  222  220  217  215  214  213  212  211  211
  210  210  209  208  206  204  200  196  192  187  183  180  177  176  176  177
  180  184  190  196  202  207  211  215  217
    67.5-180.0 180.0   5.0 450.0                            LAT/LON1/LON2/DLON/H
  222  224  224  224  224  225  226  228  230  235  239  243  246  248  250  250
  252  254  256  260  262  264  265  265  262  259  256  252  249  246  244  243
  242  242  240  238  236  233  230  228  226  224  222  220  219  218  216  216
  214  212  210  207  204  200  195  189  183  176  171  166  162  162  162  164
  170  176  185  193  200  208  214  219  222
    65.0-180.0 180.0   5.0 450.0                            LAT/LON1/LON2/DLON/H
  226  228  231  231  231  231  232  234  238  242  246  250  253  254  254  254
  255  256  259  262  264  266  266  265  262  259  254  251  248  246  245  245
  244  244  244  244  242  240  238  236  234  232  231  229  228  226  223  221
  217  213  208  203  196  191  184  176  167  158  151  144  142  141  142  147
  154  164  174  185  196  206  214  220  226
    62.5-180.0 180.0   5.0 450.0                            LAT/LON1/LON2/DLON/H
  226  231  235  237  238  238  239  241  245  249  253  255  256  256  256  255
  255  256  258  260  262  262  262  261  258  254  251  248  246  246  247  248
  250  250  251  250  250  249  248  246  244  243  241  240  237  234  231  226
  219  211  203  194  186  178  169  159  149  138  128  122  118  118  121  127
  136  147  160  173  186  199  209  219  226
    60.0-180.0 180.0   5.0 450.0                            LAT/LON1/LON2/DLON/H
  223  231  238  242  244  245  246  248  250  252  255  256  256  256  254  254
  254  254  255  256  257  257  257  254  252  248  246  246  247  250  252  255
  258  259  260  260  259  258  257  256  255  254  253  250  248  244  238  231
  221  210  198  186  175  166  156  145  133  121  111  103   98   98  102  108
  118  130  144  159  173  188  200  212  223
    57.5-180.0 180.0   5.0 450.0                            LAT/LON1/LON2/DLON/H
  218  229  239  245  249  251  252  252  253  254  256  255  254  253  251  251
  251  251  252  252  252  252  250  248  245  244  244  247  252  257  262  266
  269  271  271  270  270  269  269  268  267  266  264  262  258  253  246  237
  225  210  194  181  170  160  149  138  126  114  103   94   90   88   92   98
  107  118  132  146  161  176  190  205  218
    55.0-180.0 180.0   5.0 450.0                            LAT/LON1/LON2/DLON/H
  214  227  239  249  254  257  256  256  256  256  255  254  251  249  248  248
  248  249  249  249  249  246  245  243  241  242  246  253  262  270  277  281
  284  284  282  281  280  280  280  280  280  279  276  272  268  262  254  244
  230  214  199  184  172  162  153  143  132  121  110  102   96   94   94   98
  105  114  127  140  154  168  183  198  214
    52.5-180.0 180.0   5.0 450.0                            LAT/LON1/LON2/DLON/H
  211  226  241  252  260  262  262  260  258  257  256  254  251  248  247  246
  247  248  248  247  246  244  242  240  239  242  250  262  274  284  292  296
  298  296  294  291  290  291  292  293  292  292  288  283  277  270  262  251
  238  223  209  196  186  176  168  160  151  141  131  124  117  113  111  112
  116  123  132  142  154  166  180  194  211
    50.0-180.0 180.0   5.0 450.0                            LAT/LON1/LON2/DLON/H
  212  228  244  256  265  269  266  264  261  262  262  260  256  252  250  248
  247  246  246  246  244  243  242  240  241  246  256  271  286  298  306  309
  309  306  301  299  299  301  303  306  306  305  300  292  284  276  267  258
  248  236  224  214  205  196  189  182  174  167  159  151  144  139  136  134
  135  139  146  154  162  172  184  196  212
    47.5-180.0 180.0   5.0 450.0                            LAT/LON1/LON2/DLON/H
  218  233  248  262  272  275  274  270  269  270  272  272  268  262  256  252
  248  246  246  245  244  244  244  244  245  251  263  279  294  306  313  315
  314  310  306  306  307  311  316  319  320  317  310  301  290  280  271  264
  257  249  241  233  224  217  210  203  197  191  184  178  172  166  162  158
  158  160  164  170  176  184  193  204  218
    45.0-180.0 180.0   5.0 450.0                            LAT/LON1/LON2/DLON/H
  225  239  254  268  278  282  282  280  282  288  292  293  288  280  269  259
  251  246  245  245  245  246  247  249  252  259  270  285  299  309  314  316
  316  314  313  314  317  322  330  334  335  330  320  308  296  284  276  270
  266  261  255  249  241  233  224  218  212  206  200  195  190  186  183  180
  179  180  184  188  193  198  204  214  225
    42.5-180.0 180.0   5.0 450.0                            LAT/LON1/LON2/DLON/H
  233  246  260  274  286  292  296  298  304  314  322  324  318  304  286  270
  256  248  244  244  246  250  253  258  262  268  277  289  300  308  314  318
  321  322  324  326  331  338  345  350  350  344  332  317  302  291  282  278
  274  271  265  258  249  239  230  221  214  208  203  198  196  195  195  194
  194  196  200  204  207  211  216  223  233
    40.0-180.0 180.0   5.0 450.0                            LAT/LON1/LON2/DLON/H
  240  252  266  280  294  304  312  322  336  352  364  366  355  335  309  284
  264  252  246  245  249  254  262  269  275  280  286  294  302  311  319  327
  335  340  343  346  351  358  364  368  367  358  345  329  315  304  295  289
  284  278  269  260  249  239  229  220  213  205  198  194  195  198  200  202
  204  208  212  215  218  220  224  231  240
    37.5-180.0 180.0   5.0 450.0                            LAT/LON1/LON2/DLON/H
  246  257  271  286  302  316  332  352  376  400  416  418  402  372  337  305
  279  262  253  251  254  262  272  282  289  293  298  304  312  322  335  349
  363  373  376  377  378  381  385  388  385  376  360  345  332  323  314  306
  296  285  274  262  250  239  230  222  214  206  198  194  196  200  205  208
  211  216  220  222  223  224  228  236  246
    35.0-180.0 180.0   5.0 450.0                            LAT/LON1/LON2/DLON/H
  248  261  275  290  307  326  350  380  415  449  473  477  454  414  370  332
  302  281  267  262  264  273  284  295  302  308  313  321  333  348  367  390
  410  421  422  416  411  409  410  409  405  395  380  366  356  348  339  326
  312  297  282  269  257  248  242  236  229  220  210  204  205  210  214  216
  219  223  226  226  225  224  229  238  248
    32.5-180.0 180.0   5.0 450.0                            LAT/LON1/LON2/DLON/H
  249  262  277  292  309  332  364  404  449  493  525  531  506  458  409  369
  336  311  291  282  282  288  298  309  317  324  334  348  366  390  416  445
  470  482  477  463  449  440  436  433  427  415  400  387  380  375  366  352
  335  317  301  288  278  272  270  269  266  255  243  234  232  232  232  231
  230  232  233  230  225  223  226  236  249
    30.0-180.0 180.0   5.0 450.0                            LAT/LON1/LON2/DLON/H
  248  263  278  292  310  334  369  416  469  522  563  576  551  502  451  412
  380  351  326  310  305  307  314  324  332  343  359  382  410  442  476  510
  538  549  539  514  488  472  463  456  446  432  416  405  400  399  392  379
  363  347  334  322  316  314  317  321  320  310  294  280  272  266  260  252
  246  244  240  233  224  220  223  234  248
    27.5-180.0 180.0   5.0 450.0                            LAT/LON1/LON2/DLON/H
  245  262  278  292  308  332  368  416  471  530  580  604  586  541  495  462
  433  402  372  348  336  332  335  342  352  368  390  423  461  500  540  578
  608  619  602  567  529  504  490  476  460  440  422  412  412  415  413  404
  395  385  375  367  362  364  370  378  379  369  350  333  319  306  291  276
  265  258  249  236  223  216  218  229  245
    25.0-180.0 180.0   5.0 450.0                            LAT/LON1/LON2/DLON/H
  241  260  278  292  307  330  365  410  462  520  576  612  608  576  542  518
  495  464  428  397  376  364  362  366  379  400  431  471  516  560  603  644
  674  685  664  618  569  535  513  492  466  437  415  405  410  418  423  423
  422  420  415  408  406  408  416  427  430  420  400  379  360  340  319  298
  282  270  256  239  223  212  213  224  241
    22.5-180.0 180.0   5.0 450.0                            LAT/LON1/LON2/DLON/H
  234  256  278  294  309  330  361  400  446  501  560  606  618  605  589  578
  565  535  495  456  424  404  396  400  417  444  482  527  573  618  660  701
  732  743  719  666  606  565  534  500  460  419  390  383  394  409  420  427
  435  441  440  437  434  436  444  455  459  450  430  408  386  363  338  315
  296  280  262  241  221  208  207  217  234
    20.0-180.0 180.0   5.0 450.0                            LAT/LON1/LON2/DLON/H
  228  254  280  300  314  334  362  395  434  483  542  596  624  630  634  641
  638  614  572  524  481  452  440  445  466  500  542  586  630  671  711  750
  780  790  765  706  640  592  550  501  443  388  355  350  366  387  401  414
  428  438  442  440  437  438  443  452  457  449  433  412  390  368  345  322
  302  284  264  240  217  203  200  210  228
    17.5-180.0 180.0   5.0 450.0                            LAT/LON1/LON2/DLON/H
  222  251  281  306  324  344  370  400  432  474  529  586  627  652  677  700
  710  692  650  596  543  506  490  497  525  564  606  647  683  717  753  788
  814  823  796  736  668  616  565  499  422  356  317  313  332  353  367  378
  393  406  413  415  415  415  420  427  431  427  414  396  376  357  339  320
  302  283  262  236  213  197  193  202  222
    15.0-180.0 180.0   5.0 450.0                            LAT/LON1/LON2/DLON/H
  216  248  282  312  334  356  384  413  442  479  528  583  631  672  712  751
  772  762  723  664  605  562  544  552  585  627  667  700  727  754  783  813
  836  840  811  753  690  638  580  499  409  332  289  282  297  312  318  324
  336  352  365  375  380  382  386  392  395  393  384  369  352  337  325  312
  296  278  256  232  208  191  186  195  216
    12.5-180.0 180.0   5.0 450.0                            LAT/LON1/LON2/DLON/H
  211  245  284  318  344  370  400  431  462  496  538  588  637  686  738  787
  818  816  782  723  660  616  598  608  640  682  717  740  758  776  800  826
  843  841  812  760  705  658  598  509  410  329  280  264  268  269  266  267
  279  297  318  335  346  351  355  360  361  359  351  338  322  312  307  300
  286  268  246  224  202  184  179  189  211
    10.0-180.0 180.0   5.0 450.0                            LAT/LON1/LON2/DLON/H
  206  242  282  320  351  382  416  453  486  520  556  597  643  695  751  806
  843  847  820  766  707  664  648  657  687  721  748  763  772  784  804  827
  838  832  804  760  717  678  620  532  434  353  296  266  251  237  226  226
  239  262  288  310  325  334  340  343  342  336  326  311  296  288  289  286
  274  256  236  215  195  179  174  183  206
     7.5-180.0 180.0   5.0 450.0                            LAT/LON1/LON2/DLON/H
  202  238  281  321  357  393  432  473  512  548  579  612  652  700  756  810
  848  858  837  792  742  706  693  700  720  746  764  772  774  782  800  820
  827  818  793  758  727  697  646  566  476  396  333  287  253  228  214  218
  238  264  292  314  328  338  346  345  338  326  310  290  272  266  272  273
  261  241  223  206  188  174  170  179  202
     5.0-180.0 180.0   5.0 450.0                            LAT/LON1/LON2/DLON/H
  197  234  277  320  360  401  445  492  537  575  605  630  662  703  753  803
  840  853  838  804  765  739  730  734  746  760  770  772  770  774  788  806
  811  802  784  761  738  715  671  602  525  449  381  324  278  248  242  259
  286  314  332  341  346  354  360  355  342  322  299  272  252  246  255  258
  246  226  209  195  182  171  167  175  197
     2.5-180.0 180.0   5.0 450.0                            LAT/LON1/LON2/DLON/H
  193  229  273  319  364  409  458  509  560  602  632  653  675  705  745  787
  821  835  827  804  778  764  762  764  767  771  774  772  766  765  776  790
  794  790  779  764  748  726  687  630  566  499  432  372  325  300  309  338
  368  386  388  376  367  368  372  364  345  319  290  258  234  228  238  242
  229  209  194  184  176  169  165  172  193
