JPL0OPSRAP_20242140000_01D_02H_GIM.INX
     1.0            IONOSPHERE MAPS     GPS                 IONEX VERSION / TYPE
GIM V3.0            JPL - GNISD         02-aug-2024 06:49   PGM / RUN BY / DATE 
JPLS GLOBAL IONOSPHERE MAPS YEAR  2024 DAY 214              COMMENT             
Global Ionospheric Maps (GIM) are generated on an hourly    DESCRIPTION         
and daily basis at JPL using data from up to 100 GPS sites  DESCRIPTION         
of the IGS and others institutions.                         DESCRIPTION         
The vertical TEC is modeled in a solar-geomagnetic          DESCRIPTION         
reference frame using bi-cubic splines on a spherical grid. DESCRIPTION         
A Kalman filter is used to solve simultaneously for         DESCRIPTION         
instrumental biases and VTEC on the grid (as stochastic     DESCRIPTION         
parameters). The maps presented here are in the Earth-fixed DESCRIPTION         
reference frame.                                            DESCRIPTION         
The DCB are defined based on the GPS L1 and L2 frequencies. DESCRIPTION         
Contact Address: leo.martire@jpl.nasa.gov                   DESCRIPTION         
                 panagiotis.vergados@jpl.nasa.gov           DESCRIPTION         
  2024     8     1     0     0     0                        EPOCH OF FIRST MAP  
  2024     8     2     0     0     0                        EPOCH OF LAST MAP   
  7200                                                      INTERVAL            
    13                                                      # OF MAPS IN FILE   
  EXTSLAB (HT0=100KM, HT1=300KM, HT2=600KM, HT3=2000KM)     MAPPING FUNCTION    
    10.0                                                    ELEVATION CUTOFF    
One-way carrier phase leveled to code.                      OBSERVABLES USED    
   199                                                      # OF STATIONS       
  6371.0                                                    BASE RADIUS         
     2                                                      MAP DIMENSION       
   450.0 450.0   0.0                                        HGT1 / HGT2 / DHGT  
    87.5 -87.5  -2.5                                        LAT1 / LAT2 / DLAT  
  -180.0 180.0   5.0                                        LON1 / LON2 / DLON  
    -1                                                      EXPONENT            
TEC/RMS unit: 10^(exponent) TECU.                           COMMENT             
DCB     unit: nanosecond.                                   COMMENT             
                                                            END OF HEADER       
[from data line 2145]
     6                                                      START OF TEC MAP    
  2024     8     1    10     0     0                        EPOCH OF CURRENT MAP
    87.5-180.0 180.0   5.0 450.0                            LAT/LON1/LON2/DLON/H
  192  192  192  192  191  191  191  191  191  191  190  190  190  190  190  189
  189  189  189  188  188  188  187  186  186  186  186  186  185  185  185  185
  185  185  185  185  185  185  185  185  186  186  186  186  186  186  187  188
  188  188  189  189  189  190  190  190  190  190  191  191  191  191  191  192
  192  192  192  192  192  192  192  192  192
    85.0-180.0 180.0   5.0 450.0                            LAT/LON1/LON2/DLON/H
  192  191  191  191  191  190  190  190  190  189  189  189  188  188  188  187
  186  186  186  186  185  184  184  184  183  182  182  181  181  180  180  179
  179  179  179  179  180  180  181  181  182  183  184  185  185  186  186  188
  188  189  190  190  190  191  192  192  193  193  193  193  193  194  194  194
  193  193  193  193  193  193  192  192  192
    82.5-180.0 180.0   5.0 450.0                            LAT/LON1/LON2/DLON/H
  190  189  189  188  188  187  186  186  185  185  184  184  183  183  183  182
  182  182  182  182  182  181  181  180  179  178  177  176  174  174  174  173
  173  173  174  175  176  178  179  181  182  184  185  186  188  189  190  191
  192  193  193  194  194  196  196  196  197  197  197  197  197  197  196  196
  196  194  194  194  193  192  192  191  190
    80.0-180.0 180.0   5.0 450.0                            LAT/LON1/LON2/DLON/H
  187  186  184  184  183  182  181  180  179  178  177  176  175  175  175  174
  175  176  176  176  176  176  176  176  175  174  172  171  170  168  167  167
  168  169  170  173  175  178  182  184  187  190  192  194  195  196  197  198
  199  200  200  201  202  203  204  204  204  205  205  204  204  203  202  200
  199  197  196  194  193  191  190  188  187
    77.5-180.0 180.0   5.0 450.0                            LAT/LON1/LON2/DLON/H
  184  182  181  179  178  176  175  174  172  171  169  168  166  166  165  165
  166  166  168  169  170  171  172  172  171  170  168  166  164  162  162  162
  162  164  168  172  177  182  187  192  196  200  203  205  206  208  208  209
  209  209  210  211  212  213  214  216  216  216  216  216  214  212  210  206
  204  201  198  194  193  190  188  185  184
    75.0-180.0 180.0   5.0 450.0                            LAT/LON1/LON2/DLON/H
  179  176  175  174  173  172  171  169  167  165  163  161  158  157  155  154
  155  156  158  161  162  164  166  166  166  165  164  161  160  158  157  158
  160  162  168  174  181  189  196  202  208  213  216  219  220  221  221  221
  221  221  222  223  224  226  229  230  231  232  231  230  227  224  220  215
  211  206  201  196  192  188  185  182  179
    72.5-180.0 180.0   5.0 450.0                            LAT/LON1/LON2/DLON/H
  174  172  169  168  167  166  166  164  163  161  158  154  151  148  145  144
  144  146  148  152  155  158  160  161  161  161  160  158  156  154  154  156
  159  164  171  179  188  197  206  213  220  225  229  231  233  234  234  234
  234  234  235  236  238  240  243  244  246  246  246  243  240  236  231  224
  218  212  204  199  193  186  182  178  174
    70.0-180.0 180.0   5.0 450.0                            LAT/LON1/LON2/DLON/H
  168  164  162  160  160  160  160  160  158  157  153  149  144  140  137  136
  136  138  141  144  148  152  154  155  156  156  156  156  154  154  154  157
  161  168  176  186  196  206  216  224  232  236  240  242  244  245  246  246
  247  247  248  250  251  253  254  256  258  258  256  254  251  246  239  232
  225  217  209  200  193  184  179  173  168
    67.5-180.0 180.0   5.0 450.0                            LAT/LON1/LON2/DLON/H
  161  156  153  151  151  152  153  154  154  151  148  143  138  134  131  130
  130  132  135  139  142  146  148  149  150  151  152  154  154  154  156  160
  166  174  185  196  207  219  228  236  242  246  250  252  255  256  258  260
  260  261  261  261  262  262  263  264  264  264  262  260  256  251  245  238
  230  221  212  203  193  183  175  167  161
    65.0-180.0 180.0   5.0 450.0                            LAT/LON1/LON2/DLON/H
  156  149  145  142  142  142  144  144  144  144  141  137  132  129  126  125
  126  128  132  135  138  140  141  142  143  146  149  152  155  158  161  166
  174  184  196  208  220  231  240  248  253  257  260  263  266  270  272  274
  275  275  274  272  271  269  267  265  264  262  260  258  254  251  246  240
  233  225  215  204  194  183  173  164  156
    62.5-180.0 180.0   5.0 450.0                            LAT/LON1/LON2/DLON/H
  152  144  138  134  132  132  133  133  134  132  131  129  126  124  122  123
  124  126  129  132  134  136  136  136  137  141  146  152  158  163  169  175
  184  196  210  223  235  246  254  261  266  270  274  278  282  286  290  292
  292  291  288  283  278  274  269  264  260  257  254  253  250  249  245  241
  234  228  218  208  196  184  173  162  152
    60.0-180.0 180.0   5.0 450.0                            LAT/LON1/LON2/DLON/H
  155  145  137  131  128  125  124  123  122  122  121  119  118  118  118  119
  121  124  126  129  131  132  132  132  134  139  146  156  163  172  180  189
  200  213  227  241  253  264  272  278  283  287  292  297  302  308  312  314
  312  309  302  296  288  280  272  265  259  254  251  250  249  247  245  242
  238  232  224  213  202  189  177  166  155
    57.5-180.0 180.0   5.0 450.0                            LAT/LON1/LON2/DLON/H
  161  151  142  134  128  123  120  117  114  113  111  111  111  111  113  115
  118  120  122  124  127  129  130  132  136  142  152  162  173  184  194  204
  218  232  247  261  273  284  292  299  304  310  316  323  330  336  340  340
  336  330  320  311  300  290  280  272  265  259  256  254  252  252  250  248
  244  239  231  220  209  196  184  172  161
    55.0-180.0 180.0   5.0 450.0                            LAT/LON1/LON2/DLON/H
  171  161  152  144  137  130  123  117  112  108  105  104  104  106  108  110
  113  114  116  119  123  127  132  136  142  152  163  174  187  199  211  224
  237  253  268  282  295  305  314  322  330  338  346  355  363  369  370  368
  362  352  340  328  316  306  296  289  282  276  272  270  267  265  262  259
  255  249  240  230  218  204  192  180  171
    52.5-180.0 180.0   5.0 450.0                            LAT/LON1/LON2/DLON/H
  180  172  164  156  149  142  134  126  117  110  104  102  102  103  105  107
  108  109  110  113  119  127  136  144  154  166  179  191  203  215  228  242
  256  273  289  303  316  327  338  348  358  369  380  391  400  405  405  400
  389  376  362  349  338  329  322  315  310  305  300  296  291  286  282  277
  271  263  253  241  226  213  201  190  180
    50.0-180.0 180.0   5.0 450.0                            LAT/LON1/LON2/DLON/H
  188  182  176  170  164  156  148  139  128  118  112  107  105  104  105  106
  106  105  106  110  118  131  144  158  171  184  196  208  219  230  243  257
  274  291  307  322  336  349  362  375  389  403  418  430  440  444  442  432
  418  402  386  373  364  356  352  348  344  340  334  326  319  311  304  296
  289  279  266  251  236  221  207  196  188
    47.5-180.0 180.0   5.0 450.0                            LAT/LON1/LON2/DLON/H
  193  188  184  181  176  170  162  154  144  133  124  117  113  111  110  108
  108  106  106  111  123  138  157  174  190  203  214  223  232  241  253  268
  286  305  324  340  355  369  385  402  420  439  458  473  483  485  480  466
  448  428  412  400  392  388  385  382  378  373  366  356  346  336  326  317
  307  294  279  262  243  226  211  200  193
    45.0-180.0 180.0   5.0 450.0                            LAT/LON1/LON2/DLON/H
  193  189  187  185  182  179  173  166  158  149  140  132  126  122  119  118
  114  113  113  120  134  153  174  194  209  220  228  234  238  246  258  274
  294  316  337  356  372  389  406  427  450  475  498  516  527  527  519  500
  479  458  440  428  423  420  418  414  408  400  390  379  368  357  346  335
  322  308  291  271  250  229  213  201  193
    42.5-180.0 180.0   5.0 450.0                            LAT/LON1/LON2/DLON/H
  191  186  185  184  182  178  175  173  170  164  157  148  142  137  134  131
  128  126  128  137  152  174  196  215  229  235  238  238  239  245  256  274
  298  324  350  373  390  407  427  451  480  510  536  557  568  568  556  538
  514  490  473  462  456  454  450  442  432  419  405  392  380  370  360  348
  334  319  300  278  254  231  212  199  191
    40.0-180.0 180.0   5.0 450.0                            LAT/LON1/LON2/DLON/H
  186  181  180  178  176  173  171  173  176  177  173  167  161  154  151  148
  146  146  148  158  176  198  220  237  246  248  244  240  238  242  254  273
  299  330  362  390  410  426  446  473  505  539  570  592  604  604  592  574
  550  528  510  499  494  490  483  470  454  435  416  400  390  380  370  357
  342  326  307  284  256  230  209  194  186
    37.5-180.0 180.0   5.0 450.0                            LAT/LON1/LON2/DLON/H
  179  173  171  171  169  165  164  172  182  188  189  184  179  174  170  168
  166  166  171  183  200  222  243  257  261  256  248  241  236  240  250  271
  300  336  375  408  431  447  466  493  527  563  595  620  632  634  625  610
  590  570  554  544  539  535  525  506  483  458  435  416  403  394  382  366
  349  332  314  289  259  229  204  189  179
    35.0-180.0 180.0   5.0 450.0                            LAT/LON1/LON2/DLON/H
  173  165  162  162  162  160  163  174  189  200  204  202  197  193  190  189
  189  189  193  204  222  243  261  272  272  263  252  243  238  240  250  270
  301  342  388  428  454  469  486  512  544  579  610  636  650  656  654  645
  632  618  605  598  595  590  578  556  528  497  468  444  427  414  398  378
  358  339  320  296  264  230  203  184  173
    32.5-180.0 180.0   5.0 450.0                            LAT/LON1/LON2/DLON/H
  171  160  156  158  161  164  171  185  202  214  219  219  215  211  209  209
  210  209  211  220  236  254  271  279  276  266  254  248  244  246  254  273
  304  350  403  451  480  495  508  530  558  588  618  642  660  671  678  679
  677  671  665  662  664  662  650  626  596  561  526  494  468  446  421  394
  370  350  330  306  272  237  208  186  171
    30.0-180.0 180.0   5.0 450.0                            LAT/LON1/LON2/DLON/H
  176  162  155  159  167  178  191  208  223  233  236  236  232  229  228  228
  228  225  224  229  242  258  272  279  275  266  258  254  254  256  264  282
  314  362  422  475  508  523  532  548  568  592  618  642  663  681  698  712
  724  730  734  739  746  747  737  713  681  644  603  562  525  490  453  418
  387  365  345  321  289  253  222  196  176
    27.5-180.0 180.0   5.0 450.0                            LAT/LON1/LON2/DLON/H
  194  173  163  168  183  202  223  241  252  255  253  251  248  244  244  244
  243  236  231  232  240  253  264  270  268  262  261  264  269  273  282  299
  331  382  444  503  539  553  559  567  580  596  618  642  665  688  715  744
  772  792  806  818  828  832  822  800  769  731  687  638  589  539  490  444
  408  382  363  342  314  282  250  220  194
    25.0-180.0 180.0   5.0 450.0                            LAT/LON1/LON2/DLON/H
  225  198  184  188  206  234  261  281  285  279  271  265  261  258  257  256
  252  242  231  227  232  241  250  256  258  258  262  273  285  294  305  325
  358  410  473  531  569  582  585  586  592  602  620  642  666  694  729  772
  815  848  870  887  898  902  892  872  843  807  762  709  650  588  527  470
  427  398  380  364  343  318  289  257  225
    22.5-180.0 180.0   5.0 450.0                            LAT/LON1/LON2/DLON/H
  266  235  216  218  238  270  303  322  320  304  289  277  272  269  267  263
  255  240  225  216  216  223  231  239  245  252  265  284  303  319  335  358
  394  444  504  560  596  609  608  605  605  612  628  647  670  699  741  796
  849  890  915  931  941  941  930  911  887  856  815  764  702  631  559  494
  443  410  393  382  371  355  332  301  266
    20.0-180.0 180.0   5.0 450.0                            LAT/LON1/LON2/DLON/H
  311  279  258  256  274  308  343  360  353  329  305  289  280  276  273  265
  251  233  214  201  197  201  209  218  230  246  268  296  323  345  367  395
  432  480  534  585  618  629  626  620  620  626  639  656  677  706  752  812
  870  910  931  940  942  936  924  908  890  868  838  794  736  664  585  512
  453  416  399  394  392  386  370  343  311
    17.5-180.0 180.0   5.0 450.0                            LAT/LON1/LON2/DLON/H
  351  324  302  296  310  343  377  394  383  353  321  298  287  282  277  265
  246  224  201  184  176  177  184  197  216  240  271  306  341  371  399  430
  468  513  562  605  632  641  638  632  632  640  652  668  687  717  763  821
  874  905  914  912  904  893  881  872  863  852  835  805  756  686  604  522
  455  413  395  394  398  402  396  378  351
    15.0-180.0 180.0   5.0 450.0                            LAT/LON1/LON2/DLON/H
  384  364  345  336  345  373  405  420  408  376  336  306  291  286  279  265
  244  217  191  170  158  156  162  178  202  235  273  316  358  394  427  461
  499  540  581  617  639  645  642  638  642  652  665  679  699  730  774  824
  864  880  875  861  845  830  822  818  818  820  817  802  764  698  615  528
  454  406  386  385  393  403  405  398  384
    12.5-180.0 180.0   5.0 450.0                            LAT/LON1/LON2/DLON/H
  404  397  382  370  373  396  424  438  427  392  347  310  292  286  282  269
  245  216  188  163  147  141  146  162  191  229  275  324  370  412  448  482
  518  556  592  622  639  644  640  640  646  659  674  690  712  745  786  825
  847  847  830  807  785  769  763  765  773  785  794  790  762  702  620  530
  450  398  378  376  384  395  403  406  404
    10.0-180.0 180.0   5.0 450.0                            LAT/LON1/LON2/DLON/H
  419  423  413  397  393  410  434  446  436  400  353  312  292  287  285  276
  256  227  196  166  145  135  137  152  183  225  276  329  380  424  460  495
  530  566  598  622  635  638  635  636  644  660  678  697  723  758  796  823
  830  816  790  764  742  728  723  728  740  758  774  776  752  697  618  528
  448  397  376  374  379  388  399  409  419
     7.5-180.0 180.0   5.0 450.0                            LAT/LON1/LON2/DLON/H
  433  445  438  418  407  417  435  442  432  397  349  308  289  286  290  286
  270  244  213  181  154  139  136  149  179  223  276  332  386  430  467  500
  535  569  598  619  629  630  628  628  637  655  676  698  727  764  800  818
  815  796  771  748  731  718  713  716  728  748  764  764  740  687  612  526
  449  404  389  386  387  391  400  415  433
     5.0-180.0 180.0   5.0 450.0                            LAT/LON1/LON2/DLON/H
  452  467  460  435  417  419  428  428  413  378  334  299  284  285  294  297
  286  263  232  199  169  148  141  151  178  220  274  332  387  432  468  502
  535  566  593  612  621  622  620  619  627  645  668  693  724  760  794  810
  805  790  774  758  745  735  727  726  736  754  765  758  728  676  605  525
  455  419  414  415  413  413  418  430  452
     2.5-180.0 180.0   5.0 450.0                            LAT/LON1/LON2/DLON/H
  476  490  480  452  428  422  420  408  385  350  310  284  277  284  296  305
  299  280  250  216  184  160  148  154  178  220  273  330  385  429  466  499
  532  562  586  604  612  615  612  610  617  634  657  681  708  743  776  794
  798  794  788  784  777  769  760  756  763  777  782  763  723  667  600  528
  466  442  445  453  451  447  448  458  476
