JPL0OPSRAP_20242140000_01D_02H_GIM.INX
     1.0            IONOSPHERE MAPS     GPS                 IONEX VERSION / TYPE
GIM V3.0            JPL - GNISD         02-aug-2024 06:49   PGM / RUN BY / DATE 
JPLS GLOBAL IONOSPHERE MAPS YEAR  2024 DAY 214              COMMENT             
Global Ionospheric Maps (GIM) are generated on an hourly    DESCRIPTION         
and daily basis at JPL using data from up to 100 GPS sites  DESCRIPTION         
of the IGS and others institutions.                         DESCRIPTION         
The vertical TEC is modeled in a solar-geomagnetic          DESCRIPTION         
reference frame using bi-cubic splines on a spherical grid. DESCRIPTION         
A Kalman filter is used to solve simultaneously for         DESCRIPTION         
instrumental biases and VTEC on the grid (as stochastic     DESCRIPTION         
parameters). The maps presented here are in the Earth-fixed DESCRIPTION         
reference frame.                                            DESCRIPTION         
The DCB are defined based on the GPS L1 and L2 frequencies. DESCRIPTION         
Contact Address: leo.martire@jpl.nasa.gov                   DESCRIPTION         
                 panagiotis.vergados@jpl.nasa.gov           DESCRIPTION         
  2024     8     1     0     0     0                        EPOCH OF FIRST MAP  
  2024     8     2     0     0     0                        EPOCH OF LAST MAP   
  7200                                                      INTERVAL            
    13                                                      # OF MAPS IN FILE   
  EXTSLAB (HT0=100KM, HT1=300KM, HT2=600KM, HT3=2000KM)     MAPPING FUNCTION    
    10.0                                                    ELEVATION CUTOFF    
One-way carrier phase leveled to code.                      OBSERVABLES USED    
   199                                                      # OF STATIONS       
  6371.0                                                    BASE RADIUS         
     2                                                      MAP DIMENSION       
   450.0 450.0   0.0                                        HGT1 / HGT2 / DHGT  
    87.5 -87.5  -2.5                                        LAT1 / LAT2 / DLAT  
  -180.0 180.0   5.0                                        LON1 / LON2 / DLON  
    -1                                                      EXPONENT            
TEC/RMS unit: 10^(exponent) TECU.                           COMMENT             
DCB     unit: nanosecond.                                   COMMENT             
                                                            END OF HEADER       
[from data line 2574]
     7                                                      START OF TEC MAP    
  2024     8     1    12     0     0                        EPOCH OF CURRENT MAP
    87.5-180.0 180.0   5.0 450.0                            LAT/LON1/LON2/DLON/H
  195  194  194  193  193  192  192  192  192  192  192  192  192  192  192  192
  192  193  193  193  194  194  195  195  196  196  196  197  198  198  199  199
  200  200  200  201  201  201  202  202  202  203  203  203  203  204  204  204
  204  204  204  204  204  204  204  204  204  204  203  203  202  201  201  200
  200  199  199  198  196  196  196  195  195
    85.0-180.0 180.0   5.0 450.0                            LAT/LON1/LON2/DLON/H
  190  189  187  186  185  185  184  184  183  183  183  184  184  184  185  185
  186  187  188  189  190  191  192  193  194  195  196  196  197  198  199  200
  200  200  202  203  203  204  204  205  205  206  206  206  207  208  208  208
  209  209  210  210  210  210  210  210  209  209  208  208  206  206  204  203
  201  200  199  197  196  194  193  191  190
    82.5-180.0 180.0   5.0 450.0                            LAT/LON1/LON2/DLON/H
  186  184  182  180  179  178  176  176  176  175  175  175  176  176  178  179
  180  182  183  185  186  188  190  192  193  194  195  196  198  199  200  201
  202  203  204  204  206  206  207  208  209  209  210  210  211  212  212  213
  214  214  214  216  216  216  216  216  216  215  215  214  212  210  208  206
  204  202  199  196  194  192  190  188  186
    80.0-180.0 180.0   5.0 450.0                            LAT/LON1/LON2/DLON/H
  181  179  176  175  173  172  171  170  169  169  169  169  169  170  171  173
  174  176  179  181  184  186  188  190  192  194  195  196  198  200  201  203
  204  204  206  208  209  210  211  212  213  214  214  215  216  216  218  219
  220  221  222  222  223  223  224  224  223  223  222  220  218  216  213  210
  206  204  200  196  193  190  187  184  181
    77.5-180.0 180.0   5.0 450.0                            LAT/LON1/LON2/DLON/H
  178  174  173  171  170  168  166  166  165  164  164  164  164  165  166  168
  170  173  176  178  181  184  187  190  192  194  196  196  199  200  202  204
  206  208  210  212  214  216  216  218  219  220  221  222  223  224  224  226
  228  229  231  232  233  233  233  233  232  231  230  228  224  222  218  215
  210  206  201  196  193  189  184  181  178
    75.0-180.0 180.0   5.0 450.0                            LAT/LON1/LON2/DLON/H
  174  171  169  167  166  165  164  164  164  163  162  162  162  162  163  164
  166  169  173  176  179  183  186  189  192  194  196  198  199  202  204  206
  209  212  215  218  221  223  224  225  226  227  228  229  231  233  234  237
  239  241  243  244  244  244  243  242  241  240  237  235  232  228  223  219
  214  208  202  196  191  186  181  177  174
    72.5-180.0 180.0   5.0 450.0                            LAT/LON1/LON2/DLON/H
  168  165  164  162  162  163  164  164  164  164  164  163  162  162  161  162
  164  166  170  174  178  183  186  189  192  194  196  199  200  203  206  209
  214  217  222  225  228  231  233  234  235  236  237  238  240  242  246  249
  252  254  256  256  256  256  254  252  250  247  245  241  237  233  228  222
  216  209  203  195  189  182  176  172  168
    70.0-180.0 180.0   5.0 450.0                            LAT/LON1/LON2/DLON/H
  160  157  156  156  157  160  161  163  164  166  165  164  163  162  162  161
  162  164  168  173  178  182  186  189  192  194  196  199  202  205  209  213
  218  223  228  233  236  240  242  244  244  245  246  247  249  253  256  260
  265  268  269  269  268  266  263  260  256  253  250  246  241  236  230  224
  216  208  200  192  184  176  170  164  160
    67.5-180.0 180.0   5.0 450.0                            LAT/LON1/LON2/DLON/H
  150  147  146  146  149  152  156  160  163  164  166  165  164  163  162  161
  161  162  166  171  177  182  186  188  191  194  196  200  204  207  212  217
  223  229  235  241  246  249  252  253  254  254  255  256  259  262  267  272
  276  279  280  279  276  272  269  264  260  256  251  247  242  236  230  222
  214  204  195  186  177  169  161  154  150
    65.0-180.0 180.0   5.0 450.0                            LAT/LON1/LON2/DLON/H
  140  136  135  136  139  142  146  152  156  160  162  163  163  162  161  160
  160  161  165  172  178  182  185  187  190  193  196  201  205  210  216  222
  229  236  242  248  253  257  260  262  264  264  265  266  269  272  276  281
  285  286  286  284  280  275  269  264  259  253  249  244  239  234  226  217
  208  197  186  177  168  159  151  144  140
    62.5-180.0 180.0   5.0 450.0                            LAT/LON1/LON2/DLON/H
  131  127  125  126  128  131  135  140  145  150  154  156  158  158  158  158
  158  160  164  171  177  182  185  186  189  192  196  202  207  214  220  226
  234  242  249  254  261  264  269  271  273  274  275  276  278  281  285  288
  290  291  288  284  280  274  267  261  256  250  246  241  236  229  221  211
  199  187  175  166  157  148  142  135  131
    60.0-180.0 180.0   5.0 450.0                            LAT/LON1/LON2/DLON/H
  124  121  119  118  119  121  124  127  131  136  140  144  148  152  153  154
  156  159  164  171  177  182  184  186  188  192  197  203  210  217  224  232
  240  248  255  262  267  272  276  280  282  284  285  286  288  291  292  294
  294  292  288  284  278  272  266  260  254  249  244  240  234  227  218  205
  191  178  165  154  147  140  134  129  124
    57.5-180.0 180.0   5.0 450.0                            LAT/LON1/LON2/DLON/H
  123  120  118  116  116  114  114  116  118  121  125  131  136  142  147  150
  153  157  163  170  176  180  183  186  189  193  199  206  214  222  230  239
  247  255  262  269  274  279  284  288  291  294  296  298  300  301  302  301
  298  294  288  282  277  272  266  262  256  252  248  243  237  229  218  203
  187  171  158  147  140  134  130  126  123
    55.0-180.0 180.0   5.0 450.0                            LAT/LON1/LON2/DLON/H
  124  123  122  121  119  116  112  110  108  109  112  118  124  132  139  144
  150  156  162  168  173  178  182  186  191  196  203  211  220  228  237  246
  255  262  269  276  281  286  291  296  301  304  308  311  312  312  310  308
  302  296  290  284  280  276  274  270  267  263  259  254  248  239  225  208
  190  171  157  146  138  132  129  127  124
    52.5-180.0 180.0   5.0 450.0                            LAT/LON1/LON2/DLON/H
  129  129  130  129  127  123  116  110  105  103  104  108  114  123  132  140
  147  153  159  164  170  175  181  188  194  200  209  217  226  236  245  254
  263  271  277  282  288  294  299  306  312  317  322  325  326  325  322  316
  308  300  294  291  289  288  287  286  283  281  276  272  264  254  239  220
  200  180  164  152  142  137  132  130  129
    50.0-180.0 180.0   5.0 450.0                            LAT/LON1/LON2/DLON/H
  134  135  138  139  138  132  124  116  110  105  103  104  109  117  126  136
  144  152  158  162  168  174  183  191  199  206  214  223  232  242  253  264
  272  280  286  291  296  302  309  316  324  331  337  340  341  339  332  325
  316  308  302  301  301  302  304  305  302  300  296  290  282  270  254  235
  214  194  177  164  153  146  139  136  134
    47.5-180.0 180.0   5.0 450.0                            LAT/LON1/LON2/DLON/H
  138  140  144  148  148  143  136  127  118  113  109  107  108  114  123  133
  142  151  158  163  168  176  186  196  206  214  221  229  238  249  261  272
  282  290  296  301  307  314  321  330  339  347  355  359  359  355  347  336
  326  318  313  312  314  318  322  323  322  318  311  304  295  282  267  249
  230  211  194  179  167  157  148  142  138
    45.0-180.0 180.0   5.0 450.0                            LAT/LON1/LON2/DLON/H
  142  142  148  154  156  152  145  137  130  124  119  114  112  114  122  131
  142  153  162  168  173  182  194  206  214  220  226  232  241  254  268  282
  294  301  308  314  320  328  336  346  357  367  376  380  379  373  363  350
  338  329  324  323  326  332  337  339  336  328  318  308  297  286  273  258
  241  224  209  194  181  168  156  146  142
    42.5-180.0 180.0   5.0 450.0                            LAT/LON1/LON2/DLON/H
  143  144  150  157  160  159  153  147  141  136  131  124  118  117  122  132
  144  157  169  176  184  194  206  218  225  226  229  234  243  256  273  291
  304  314  322  330  339  347  356  366  379  390  400  404  402  394  383  368
  354  343  336  333  335  342  348  350  343  330  316  301  289  278  269  258
  246  232  218  204  192  178  164  151  143
    40.0-180.0 180.0   5.0 450.0                            LAT/LON1/LON2/DLON/H
  145  144  150  158  162  162  158  154  151  149  144  136  127  122  124  133
  148  163  178  189  198  209  222  231  235  234  232  235  243  258  277  297
  315  329  340  352  362  372  381  393  405  417  427  430  426  419  406  391
  375  360  350  345  345  352  360  361  351  332  311  291  276  266  260  253
  244  234  223  210  197  183  169  154  145
    37.5-180.0 180.0   5.0 450.0                            LAT/LON1/LON2/DLON/H
  148  146  150  157  161  162  161  158  159  159  157  148  137  128  128  136
  152  170  188  202  213  225  237  245  245  239  234  236  244  259  280  302
  325  344  363  378  392  402  412  423  435  447  456  458  454  446  434  420
  402  385  371  364  364  373  382  382  368  342  314  289  271  261  256  253
  246  236  226  213  200  186  172  158  148
    35.0-180.0 180.0   5.0 450.0                            LAT/LON1/LON2/DLON/H
  152  148  150  155  158  161  162  162  164  168  169  162  148  136  134  141
  156  176  196  213  226  239  250  256  253  245  239  240  247  260  280  306
  334  361  388  410  426  436  446  458  470  480  488  488  484  476  467  455
  438  420  405  398  400  410  422  421  402  370  334  303  282  272  267  262
  254  244  232  219  205  190  176  162  152
    32.5-180.0 180.0   5.0 450.0                            LAT/LON1/LON2/DLON/H
  158  152  152  153  156  158  162  165  170  177  180  174  160  145  140  146
  161  182  202  220  234  247  258  262  258  250  245  246  253  264  284  312
  346  383  418  446  465  476  486  497  509  518  522  520  515  510  504  496
  483  468  457  454  460  474  487  485  461  423  380  346  322  309  301  291
  279  264  247  231  214  198  183  169  158
    30.0-180.0 180.0   5.0 450.0                            LAT/LON1/LON2/DLON/H
  168  160  155  152  153  157  161  167  174  184  190  185  170  154  148  152
  166  185  204  222  236  250  259  262  259  254  252  256  264  274  292  324
  365  410  453  487  506  518  528  540  551  557  558  554  548  545  545  544
  538  532  530  535  549  565  577  570  540  496  449  410  384  368  355  339
  320  299  276  253  231  212  194  179  168
    27.5-180.0 180.0   5.0 450.0                            LAT/LON1/LON2/DLON/H
  180  170  162  156  154  156  162  170  179  190  197  194  180  164  156  158
  170  186  205  221  236  248  256  260  260  260  264  273  282  293  312  347
  394  447  497  532  552  562  572  584  594  597  594  587  582  582  590  598
  604  608  616  632  650  667  674  660  625  574  521  480  452  433  415  393
  368  340  312  284  257  233  211  193  180
    25.0-180.0 180.0   5.0 450.0                            LAT/LON1/LON2/DLON/H
  195  184  174  165  160  160  164  173  184  195  202  199  187  173  164  164
  172  186  202  218  233  245  254  260  262  269  280  297  312  325  347  385
  439  497  548  582  598  606  614  625  634  634  629  621  616  621  636  654
  670  684  703  724  745  760  760  738  695  638  582  539  510  489  467  440
  411  380  349  318  288  259  233  211  195
    22.5-180.0 180.0   5.0 450.0                            LAT/LON1/LON2/DLON/H
  214  202  193  183  173  168  170  178  188  199  205  203  193  180  170  168
  173  184  198  214  229  242  252  260  270  283  304  330  353  371  397  439
  496  555  602  632  644  648  652  661  667  667  662  654  650  659  680  707
  730  752  774  796  815  824  816  785  735  675  616  571  541  518  494  466
  436  406  376  348  318  286  256  232  214
    20.0-180.0 180.0   5.0 450.0                            LAT/LON1/LON2/DLON/H
  234  223  216  206  192  180  178  182  193  204  209  206  199  188  177  171
  173  180  194  210  226  241  254  267  282  304  335  370  402  429  458  500
  557  612  655  678  686  686  686  688  692  692  688  683  682  694  720  751
  778  798  817  832  841  841  826  789  735  672  612  566  534  510  485  458
  433  408  388  369  344  311  278  252  234
    17.5-180.0 180.0   5.0 450.0                            LAT/LON1/LON2/DLON/H
  254  244  240  230  213  196  186  188  199  210  215  212  204  194  183  174
  173  179  191  207  226  243  260  278  300  330  369  415  456  489  520  562
  614  663  698  717  721  717  712  708  708  710  710  708  708  724  753  785
  807  820  824  825  824  817  797  758  704  641  582  534  500  473  448  424
  403  386  380  375  361  332  300  272  254
    15.0-180.0 180.0   5.0 450.0                            LAT/LON1/LON2/DLON/H
  274  265  261  252  232  210  196  194  206  219  224  219  211  202  190  179
  174  178  190  206  227  248  270  294  321  359  406  460  509  548  578  615
  658  698  727  743  746  740  730  722  717  720  724  726  730  748  777  806
  819  818  808  793  780  768  748  710  658  598  539  490  453  424  399  378
  360  353  360  372  370  348  316  291  274
    12.5-180.0 180.0   5.0 450.0                            LAT/LON1/LON2/DLON/H
  292  282  275  263  242  218  202  200  213  230  236  229  219  209  196  184
  178  180  191  210  233  257  283  312  345  388  442  501  556  597  625  651
  683  714  739  756  762  755  742  728  720  723  730  736  744  764  793  816
  821  807  780  752  728  715  696  662  613  556  498  448  409  379  355  336
  321  320  339  366  375  357  330  307  292
    10.0-180.0 180.0   5.0 450.0                            LAT/LON1/LON2/DLON/H
  306  292  278  262  241  219  205  204  220  241  246  237  226  216  204  192
  184  186  198  216  241  269  299  332  370  418  475  536  594  635  658  674
  694  716  738  758  767  760  744  727  718  721  729  737  748  770  799  820
  818  794  758  717  688  674  660  630  586  530  473  422  383  352  329  310
  296  298  324  360  378  364  338  320  306
     7.5-180.0 180.0   5.0 450.0                            LAT/LON1/LON2/DLON/H
  314  295  273  252  231  214  205  209  228  249  253  243  230  221  211  199
  192  194  206  227  253  284  318  354  395  445  503  566  622  661  678  685
  694  707  728  749  760  754  737  719  710  713  720  729  744  768  797  817
  815  791  750  705  673  659  648  623  580  526  468  418  379  350  329  311
  297  298  324  362  380  366  344  329  314
     5.0-180.0 180.0   5.0 450.0                            LAT/LON1/LON2/DLON/H
  317  291  261  236  217  206  205  213  232  251  255  244  231  223  214  205
  200  203  216  238  266  299  336  375  418  468  526  589  644  679  691  689
  688  694  710  733  744  737  720  705  698  700  705  713  728  753  784  809
  814  797  760  714  680  667  657  635  594  540  482  432  395  368  347  330
  316  315  336  368  380  366  345  332  317
     2.5-180.0 180.0   5.0 450.0                            LAT/LON1/LON2/DLON/H
  312  281  246  220  204  200  206  218  234  249  250  240  228  221  215  209
  205  210  224  248  277  312  353  395  438  488  545  605  657  690  698  689
  680  680  692  710  720  714  698  686  681  682  682  688  700  726  761  794
  811  806  778  736  702  689  680  659  622  570  513  463  425  397  375  356
  342  338  353  374  380  360  339  327  312
