JPL0OPSRAP_20242140000_01D_02H_GIM.INX
     1.0            IONOSPHERE MAPS     GPS                 IONEX VERSION / TYPE
GIM V3.0            JPL - GNISD         02-aug-2024 06:49   PGM / RUN BY / DATE 
JPLS GLOBAL IONOSPHERE MAPS YEAR  2024 DAY 214              COMMENT             
Global Ionospheric Maps (GIM) are generated on an hourly    DESCRIPTION         
and daily basis at JPL using data from up to 100 GPS sites  DESCRIPTION         
of the IGS and others institutions.                         DESCRIPTION         
The vertical TEC is modeled in a solar-geomagnetic          DESCRIPTION         
reference frame using bi-cubic splines on a spherical grid. DESCRIPTION         
A Kalman filter is used to solve simultaneously for         DESCRIPTION         
instrumental biases and VTEC on the grid (as stochastic     DESCRIPTION         
parameters). The maps presented here are in the Earth-fixed DESCRIPTION         
reference frame.                                            DESCRIPTION         
The DCB are defined based on the GPS L1 and L2 frequencies. DESCRIPTION         
Contact Address: leo.martire@jpl.nasa.gov                   DESCRIPTION         
                 panagiotis.vergados@jpl.nasa.gov           DESCRIPTION         
  2024     8     1     0     0     0                        EPOCH OF FIRST MAP  
  2024     8     2     0     0     0                        EPOCH OF LAST MAP   
  7200                                                      INTERVAL            
    13                                                      # OF MAPS IN FILE   
  EXTSLAB (HT0=100KM, HT1=300KM, HT2=600KM, HT3=2000KM)     MAPPING FUNCTION    
    10.0                                                    ELEVATION CUTOFF    
One-way carrier phase leveled to code.                      OBSERVABLES USED    
   199                                                      # OF STATIONS       
  6371.0                                                    BASE RADIUS         
     2                                                      MAP DIMENSION       
   450.0 450.0   0.0                                        HGT1 / HGT2 / DHGT  
    87.5 -87.5  -2.5                                        LAT1 / LAT2 / DLAT  
  -180.0 180.0   5.0                                        LON1 / LON2 / DLON  
    -1                                                      EXPONENT            
TEC/RMS unit: 10^(exponent) TECU.                           COMMENT             
DCB     unit: nanosecond.                                   COMMENT             
                                                            END OF HEADER       
[from data line 3003]
     8                                                      START OF TEC MAP    
  2024     8     1    14     0     0                        EPOCH OF CURRENT MAP
    87.5-180.0 180.0   5.0 450.0                            LAT/LON1/LON2/DLON/H
  196  196  196  196  196  196  196  196  196  196  196  196  196  196  196  196
  196  196  196  196  198  198  198  198  198  198  198  199  199  199  199  199
  199  199  200  200  200  200  200  200  200  200  200  200  200  200  200  200
  199  199  199  199  199  198  198  198  198  197  197  197  197  196  196  196
  196  196  196  196  196  196  196  196  196
    85.0-180.0 180.0   5.0 450.0                            LAT/LON1/LON2/DLON/H
  192  192  193  193  193  193  193  194  194  194  194  194  194  194  194  194
  194  194  194  195  196  196  196  196  197  197  198  198  199  199  200  200
  200  200  201  201  202  202  202  202  202  201  201  201  201  201  201  201
  200  200  200  199  199  199  198  198  197  196  196  196  195  195  194  194
  193  193  193  192  192  192  192  192  192
    82.5-180.0 180.0   5.0 450.0                            LAT/LON1/LON2/DLON/H
  189  189  189  190  190  191  192  192  192  192  192  192  192  192  192  192
  193  193  193  193  193  194  195  196  196  196  198  199  199  200  201  201
  202  203  203  203  204  204  204  204  204  203  203  203  203  202  202  202
  202  201  201  201  201  200  200  199  198  198  196  195  194  193  192  191
  190  190  189  188  188  188  188  189  189
    80.0-180.0 180.0   5.0 450.0                            LAT/LON1/LON2/DLON/H
  184  186  186  187  188  189  190  190  191  191  191  191  191  190  190  190
  190  190  191  191  192  193  194  195  196  198  199  201  202  203  204  206
  206  206  206  206  206  206  206  206  205  205  204  204  204  204  204  204
  204  204  204  204  204  204  204  203  202  200  199  197  196  194  192  190
  188  187  186  185  184  184  184  184  184
    77.5-180.0 180.0   5.0 450.0                            LAT/LON1/LON2/DLON/H
  180  181  182  184  186  186  188  189  190  190  190  190  189  189  189  189
  189  189  190  190  192  193  195  197  199  201  203  205  207  209  210  211
  212  213  213  213  212  211  210  209  208  208  208  208  208  208  208  209
  209  210  211  211  212  212  211  210  209  208  206  203  200  197  194  191
  188  186  183  181  180  179  179  179  180
    75.0-180.0 180.0   5.0 450.0                            LAT/LON1/LON2/DLON/H
  174  176  178  180  182  184  186  186  188  188  189  189  189  188  188  188
  188  189  190  192  193  195  198  201  204  206  208  210  213  215  217  219
  221  222  222  222  221  219  218  216  214  213  213  213  213  213  214  216
  217  219  220  222  222  223  222  221  220  217  214  211  207  203  199  194
  190  185  182  179  176  174  174  174  174
    72.5-180.0 180.0   5.0 450.0                            LAT/LON1/LON2/DLON/H
  167  169  171  174  177  180  182  184  186  188  188  188  188  188  188  188
  189  190  191  194  196  199  202  206  209  212  214  216  219  221  223  226
  228  231  232  232  231  229  226  224  223  222  221  221  221  222  224  226
  228  230  232  234  234  235  234  233  230  227  223  218  213  208  202  196
  191  184  179  175  171  169  167  166  167
    70.0-180.0 180.0   5.0 450.0                            LAT/LON1/LON2/DLON/H
  158  160  162  166  170  174  178  181  184  186  187  188  189  189  189  189
  190  191  193  196  200  204  207  211  214  218  220  222  224  226  228  231
  234  238  240  241  241  239  237  236  234  233  233  233  233  234  235  237
  239  241  244  245  246  246  244  242  238  234  228  222  216  209  202  196
  189  182  176  170  165  161  159  158  158
    67.5-180.0 180.0   5.0 450.0                            LAT/LON1/LON2/DLON/H
  147  149  152  156  161  166  172  176  181  184  186  188  189  190  190  191
  192  194  196  200  205  208  212  215  219  222  224  227  228  230  232  234
  239  243  246  249  250  249  248  246  246  246  246  246  247  247  248  250
  251  253  254  256  255  254  250  246  240  234  226  220  212  205  198  190
  183  176  169  162  157  152  149  148  147
    65.0-180.0 180.0   5.0 450.0                            LAT/LON1/LON2/DLON/H
  136  138  140  145  151  158  164  170  176  180  184  187  189  190  191  192
  194  196  200  204  209  213  216  218  222  225  228  230  232  233  235  238
  243  248  253  256  257  258  258  258  258  260  261  261  262  262  261  261
  262  262  262  262  260  256  250  244  236  226  217  209  200  193  186  179
  172  165  158  152  147  143  140  138  136
    62.5-180.0 180.0   5.0 450.0                            LAT/LON1/LON2/DLON/H
  126  126  129  134  140  148  156  162  169  174  180  185  188  190  192  194
  196  199  203  207  212  216  218  220  223  226  230  233  234  237  239  243
  248  253  258  261  263  264  265  266  269  271  272  274  274  274  273  272
  270  270  268  266  262  256  248  238  227  215  204  195  186  179  171  164
  158  151  146  141  136  134  131  128  126
    60.0-180.0 180.0   5.0 450.0                            LAT/LON1/LON2/DLON/H
  118  118  120  124  131  138  147  154  162  168  174  181  186  190  193  195
  198  201  205  210  215  218  220  222  224  227  231  235  239  242  246  250
  254  259  264  266  269  270  272  274  277  280  283  285  285  284  282  280
  279  276  272  269  262  255  246  234  220  206  194  184  174  167  160  152
  146  139  134  131  128  126  123  121  118
    57.5-180.0 180.0   5.0 450.0                            LAT/LON1/LON2/DLON/H
  113  113  114  118  124  131  139  146  154  162  170  177  184  189  193  196
  199  202  206  210  216  220  222  223  224  227  232  238  244  249  255  260
  264  268  271  273  274  276  278  281  284  287  290  292  292  292  290  288
  286  282  278  272  266  258  246  234  220  205  193  182  173  164  155  147
  138  132  126  124  122  121  118  116  113
    55.0-180.0 180.0   5.0 450.0                            LAT/LON1/LON2/DLON/H
  112  110  111  114  120  126  132  140  148  156  165  174  182  188  193  196
  199  202  206  210  216  220  223  224  224  228  233  241  250  258  265  271
  275  278  279  280  281  282  284  287  290  294  296  298  298  298  297  295
  292  288  284  279  272  265  255  243  229  216  204  194  185  174  164  152
  141  132  125  122  120  120  118  114  112
    52.5-180.0 180.0   5.0 450.0                            LAT/LON1/LON2/DLON/H
  113  110  110  112  118  124  130  136  144  152  162  172  180  188  193  196
  199  201  204  209  214  220  223  224  225  228  235  245  256  266  276  282
  286  286  286  287  288  290  292  295  298  300  302  304  305  305  304  302
  299  296  292  289  284  279  271  260  248  237  226  218  208  197  184  170
  154  141  131  126  124  123  121  117  113
    50.0-180.0 180.0   5.0 450.0                            LAT/LON1/LON2/DLON/H
  118  113  112  113  118  123  129  134  142  151  161  171  180  188  194  198
  200  200  202  206  213  219  224  226  226  230  238  250  262  274  284  292
  294  295  293  293  296  299  302  304  306  309  310  311  312  313  312  310
  306  305  304  302  300  296  289  280  269  260  252  244  235  224  209  192
  174  157  144  136  132  131  128  123  118
    47.5-180.0 180.0   5.0 450.0                            LAT/LON1/LON2/DLON/H
  124  118  116  116  120  124  129  134  142  151  162  172  181  190  196  200
  201  200  201  205  212  220  226  229  230  234  242  254  266  280  290  296
  300  299  298  300  304  309  313  317  319  320  322  322  324  324  322  319
  316  315  316  316  316  312  306  296  286  278  271  265  257  246  232  214
  194  174  159  149  144  141  137  131  124
    45.0-180.0 180.0   5.0 450.0                            LAT/LON1/LON2/DLON/H
  134  127  122  121  124  127  131  136  144  153  164  175  184  193  200  204
  204  203  202  205  212  222  230  234  236  240  248  259  270  281  291  299
  303  304  305  308  314  321  327  332  334  336  337  338  339  338  334  330
  326  326  329  330  330  326  318  306  292  282  275  270  264  256  245  230
  211  191  174  162  156  152  147  141  134
    42.5-180.0 180.0   5.0 450.0                            LAT/LON1/LON2/DLON/H
  142  134  129  127  128  130  134  138  146  156  168  180  190  199  206  211
  211  207  204  207  215  226  235  240  245  250  257  265  272  282  292  302
  309  314  317  322  328  336  344  350  353  355  356  358  358  354  348  342
  339  340  342  344  342  334  320  303  286  272  262  256  253  249  244  234
  221  204  186  174  166  161  156  150  142
    40.0-180.0 180.0   5.0 450.0                            LAT/LON1/LON2/DLON/H
  151  142  134  132  132  134  136  140  147  160  174  187  200  211  219  224
  222  216  211  212  220  231  242  249  255  262  268  272  276  282  294  308
  321  331  338  343  349  356  364  372  376  378  379  380  378  373  365  357
  353  354  358  358  353  340  322  300  278  259  246  237  234  234  234  232
  225  211  195  182  173  168  162  158  151
    37.5-180.0 180.0   5.0 450.0                            LAT/LON1/LON2/DLON/H
  156  148  140  137  136  137  138  141  149  164  181  199  215  228  238  242
  239  229  221  219  226  237  249  258  266  274  280  281  280  284  298  320
  343  361  372  376  379  383  390  397  403  405  405  405  400  393  383  374
  371  373  376  377  369  354  332  308  282  259  242  230  225  225  228  231
  229  218  202  188  178  171  166  162  156
    35.0-180.0 180.0   5.0 450.0                            LAT/LON1/LON2/DLON/H
  159  152  144  140  138  139  139  141  150  168  189  212  234  252  264  268
  261  248  235  230  233  243  256  266  277  286  292  290  285  287  306  340
  375  403  418  422  419  418  422  428  434  435  435  432  426  415  404  396
  394  397  403  404  397  383  363  339  314  289  268  250  239  233  234  237
  236  226  210  194  182  174  169  164  159
    32.5-180.0 180.0   5.0 450.0                            LAT/LON1/LON2/DLON/H
  161  153  146  141  138  138  138  141  151  171  196  226  256  279  296  300
  291  272  254  242  241  249  261  273  286  298  304  301  292  294  321  368
  417  455  476  478  470  462  462  466  470  470  467  462  453  440  430  424
  424  430  438  443  441  434  421  406  386  363  338  314  290  271  261  258
  254  240  220  201  188  178  172  166  161
    30.0-180.0 180.0   5.0 450.0                            LAT/LON1/LON2/DLON/H
  163  154  146  140  137  135  134  139  151  172  202  238  274  304  325  332
  322  301  276  258  250  254  265  280  294  309  317  315  305  309  344  404
  467  516  542  545  532  519  512  511  510  507  501  494  483  471  462  459
  463  472  485  496  502  506  506  501  489  470  444  411  373  336  309  294
  281  260  234  212  196  186  178  170  163
    27.5-180.0 180.0   5.0 450.0                            LAT/LON1/LON2/DLON/H
  166  154  146  139  134  132  132  136  148  170  203  244  286  323  350  360
  350  328  300  275  262  262  272  288  305  324  336  336  329  335  377  449
  524  582  616  620  604  583  568  560  553  546  536  526  516  507  502  504
  511  523  538  554  568  582  595  600  598  582  556  516  464  409  365  337
  313  284  252  226  209  198  188  176  166
    25.0-180.0 180.0   5.0 450.0                            LAT/LON1/LON2/DLON/H
  170  155  144  138  132  129  129  134  144  164  197  240  286  329  361  376
  373  352  324  296  279  276  285  301  322  346  364  368  365  376  425  504
  587  653  692  697  678  651  626  610  596  584  570  558  550  548  548  554
  563  575  589  605  624  645  665  679  681  670  644  600  540  472  416  376
  345  309  270  243  226  214  201  186  170
    22.5-180.0 180.0   5.0 450.0                            LAT/LON1/LON2/DLON/H
  174  155  144  138  132  126  126  131  140  158  189  230  278  322  358  380
  384  371  347  321  303  299  306  324  349  378  402  416  419  437  488  569
  654  723  764  770  748  715  682  656  636  619  601  589  586  589  597  605
  612  620  629  640  656  676  696  710  713  704  680  637  576  508  448  405
  369  330  290  260  244  232  216  196  174
    20.0-180.0 180.0   5.0 450.0                            LAT/LON1/LON2/DLON/H
  178  155  143  139  134  128  125  128  136  151  178  217  262  306  345  373
  386  384  369  350  336  331  339  357  387  423  454  476  488  510  562  637
  718  785  825  830  806  767  728  696  671  650  630  618  620  630  642  650
  652  650  648  648  652  660  669  676  676  666  645  610  560  505  455  416
  382  345  307  279  263  250  231  205  178
    17.5-180.0 180.0   5.0 450.0                            LAT/LON1/LON2/DLON/H
  182  156  144  142  138  130  125  127  132  144  168  204  245  288  328  362
  384  394  391  382  373  371  379  399  433  475  514  542  562  589  636  702
  773  833  868  870  843  803  762  727  701  677  656  646  651  667  680  684
  677  662  644  628  615  607  600  596  590  582  566  540  508  472  439  410
  384  354  322  296  279  264  243  214  182
    15.0-180.0 180.0   5.0 450.0                            LAT/LON1/LON2/DLON/H
  186  158  145  144  141  132  125  126  132  142  162  194  230  271  312  350
  382  403  413  413  412  414  423  445  483  529  572  608  634  661  702  756
  813  861  888  886  860  822  783  750  724  701  681  672  680  697  708  704
  686  658  624  592  562  537  516  501  491  483  470  455  441  428  413  396
  378  358  335  312  292  274  251  220  186
    12.5-180.0 180.0   5.0 450.0                            LAT/LON1/LON2/DLON/H
  190  161  148  147  144  134  126  126  132  141  160  188  223  262  303  346
  384  414  434  443  448  454  465  490  531  580  626  664  694  720  752  792
  833  868  888  884  861  829  796  767  743  722  704  698  707  722  728  715
  687  647  601  555  512  473  443  421  409  401  391  382  380  386  386  381
  371  360  345  324  301  279  254  224  190
    10.0-180.0 180.0   5.0 450.0                            LAT/LON1/LON2/DLON/H
  193  164  150  147  143  134  127  127  133  142  160  186  220  259  303  348
  392  428  453  469  478  488  502  529  572  622  669  707  736  758  782  810
  838  862  874  870  852  828  802  778  758  739  724  720  728  738  738  720
  686  639  584  530  479  437  406  386  375  367  356  347  350  361  370  369
  365  362  352  331  305  280  255  226  193
     7.5-180.0 180.0   5.0 450.0                            LAT/LON1/LON2/DLON/H
  194  167  151  144  141  134  130  130  135  144  160  185  219  261  308  357
  404  443  470  488  501  514  532  562  605  655  700  736  763  781  798  815
  833  846  853  851  841  824  806  786  767  750  738  735  740  746  740  722
  688  640  584  528  478  440  416  403  396  386  368  352  349  358  365  364
  362  362  355  333  304  276  253  225  194
     5.0-180.0 180.0   5.0 450.0                            LAT/LON1/LON2/DLON/H
  193  166  148  140  137  134  132  132  137  145  160  184  218  263  315  368
  417  456  485  503  518  534  556  588  632  680  724  757  780  794  803  813
  820  828  834  836  832  822  806  788  770  754  743  738  738  740  734  721
  696  654  600  544  499  470  459  456  452  440  413  384  369  367  367  362
  359  359  353  330  297  270  247  222  193
     2.5-180.0 180.0   5.0 450.0                            LAT/LON1/LON2/DLON/H
  188  162  142  134  133  134  134  136  138  146  158  180  215  263  320  377
  428  469  496  514  531  550  576  610  655  702  742  773  792  801  805  806
  807  811  818  824  824  817  803  784  764  747  733  725  720  718  717  716
  704  671  619  568  532  516  518  526  526  509  472  429  397  380  370  360
  354  353  345  320  287  261  239  215  188
