data/IONEX/COD0OPSFIN_20232130000_01D_01H_GIM.INX
     1.0            IONOSPHERE MAPS     GNSS                IONEX VERSION / TYPE
ADDNEQ2 V5.5        AIUB                05-AUG-23 21:05     PGM / RUN BY / DATE 
CODE'S GLOBAL IONOSPHERE MAPS FOR DAY 213, 2023             COMMENT             
Global ionosphere maps (GIM) are generated on a daily basis DESCRIPTION         
at CODE using data from about 300 GNSS sites of the IGS and DESCRIPTION         
other institutions. The vertical total electron content     DESCRIPTION         
(VTEC) is modeled in a solar-geomagnetic reference frame    DESCRIPTION         
using a spherical harmonics expansion up to degree and      DESCRIPTION         
order 15. Piece-wise linear functions are used for          DESCRIPTION         
representation in the time domain. The time spacing of      DESCRIPTION         
their vertices is 1 hour, conforming with the epochs of the DESCRIPTION         
VTEC maps.                                                  DESCRIPTION         
To convert line-of-sight TEC into vertical TEC, a modified  DESCRIPTION         
single-layer model mapping function approximating the JPL   DESCRIPTION         
extended slab model mapping function is adopted. The        DESCRIPTION         
mapping function is evaluated at geodetic satellite         DESCRIPTION         
elevation angles. For the computation of the ionospheric    DESCRIPTION         
pierce points, a spherical layer with a radius of 6821 km   DESCRIPTION         
is assumed, implying geocentric, not geodetic IONEX         DESCRIPTION         
latitudes.                                                  DESCRIPTION         
Instrumental biases with respect to each involved GNSS code DESCRIPTION         
observable are estimated as constant values for each        DESCRIPTION         
day. They are modeled with one set of bias parameters for   DESCRIPTION         
each satellite and each station in case of GPS and for each DESCRIPTION         
satellite-station link in case of GLONASS. The code bias    DESCRIPTION         
datum is defined by zero-mean conditions imposed on the     DESCRIPTION         
satellite bias estimates. In this file, just GPS C1W-C2W    DESCRIPTION         
satellite and station bias values are included. The         DESCRIPTION         
complete set of GNSS code bias results is provided in an    DESCRIPTION         
additional Bias-SINEX file as pseudo-absolute values        DESCRIPTION         
specific to each observable.                                DESCRIPTION         
Note: These GIM results correspond to the results for the   DESCRIPTION         
middle day of a 3-day combination analysis solving for 73   DESCRIPTION         
times 256, or 18688 VTEC parameters and 3 daily sets of     DESCRIPTION         
GNSS code bias parameters.                                  DESCRIPTION         
Contact address: code(at)aiub.unibe.ch                      DESCRIPTION         
Data archive:    ftp.aiub.unibe.ch/CODE/                    DESCRIPTION         
                 www.aiub.unibe.ch/download/CODE/           DESCRIPTION         
  2023     8     1     0     0     0                        EPOCH OF FIRST MAP  
  2023     8     2     0     0     0                        EPOCH OF LAST MAP   
  3600                                                      INTERVAL            
[...]
bshm cags cas1 ccj2 cedu chpg chpi chti chur cnmr coco cord COMMENT             
cpvg cpxf crar cro1 daej darw dav1 dgar dhlg drao dubo ebre COMMENT             
faa1 fair flin flrs frdn ftna func ganp glps glsv gode godz COMMENT             
gol2 gold gope gras graz guat guug harb hers hert hlfx hnpt COMMENT             
hob2 hofn holb hrao hyde ieng iisc ineg invk iqal irkj jog2 COMMENT             
joz2 joze karr kerg kir0 kiri kiru kit3 kokb kokv kouc koug COMMENT             
kour krgg lae1 lama laut lhaz lmmf lpal lpgs m0se mac1 madr COMMENT             
mal2 mana mas1 mat1 mate maw1 mcil mcm4 mdo1 mdvj medi mets COMMENT             
mgue mizu mkea mnls mobs monp morp mqzg mro1 mtka nano naur COMMENT             
nico nist nium nklg nlib nnor not1 nrc1 nrmd ntus nya1 nyal COMMENT             
onsa opmt ous2 pado park pdel penc pert pie1 pimo pohn pol2 COMMENT             
polv pots pove prds ptag ptbb ptvl qaq1 quin rabt ramo reun COMMENT             
reyk rgdg rio2 riop salu samo sant savo sch2 scor scrz sctb COMMENT             
scub seyg sfer shao smst sofi spt0 sthl stjo stk2 str2 suth COMMENT             
sutm suwn sydn syog tabl tabv tash thtg thti thu2 tid1 tidb COMMENT             
tlse tn22 tow2 tro1 tskb tuva twtf txes uclu ufpr ulab unbj COMMENT             
unsa urum usn7 usud vald vill voim vtsp wab1 wab2 wark wgtn COMMENT             
whit will wsrt wtza wtzl wtzr wtzs wtzz wuhn xmis yar2 yar3 COMMENT             
yarr yell zamb zeck zim2 zim3 zimm                          COMMENT             
                                                            END OF HEADER       
[from data line 3003]
     8                                                      START OF TEC MAP    
  2023     8     1     7     0     0                        EPOCH OF CURRENT MAP
    87.5-180.0 180.0   5.0 450.0                            LAT/LON1/LON2/DLON/H
  168  169  169  170  171  173  174  176  177  179  181  182  184  186  187  189
  190  191  193  193  194  195  195  195  195  195  195  195  194  194  193  192
  191  190  190  189  188  187  186  185  185  184  183  183  182  182  181  181
  180  180  179  179  178  178  177  176  176  175  174  173  173  172  171  170
  169  169  168  168  168  167  167  168  168
    85.0-180.0 180.0   5.0 450.0                            LAT/LON1/LON2/DLON/H
  151  151  152  154  156  159  162  165  168  172  176  180  185  189  192  196
  199  202  204  206  208  208  209  209  208  207  206  204  202  200  198  196
  194  192  190  188  186  185  184  183  182  181  181  181  181  181  182  182
  183  183  184  184  184  184  184  183  182  181  179  177  175  172  169  167
  164  161  158  156  154  152  151  151  151
    82.5-180.0 180.0   5.0 450.0                            LAT/LON1/LON2/DLON/H
  135  135  136  138  140  143  147  152  157  163  168  175  181  187  193  199
  204  208  212  215  216  217  217  216  214  212  209  206  202  199  195  192
  189  186  184  182  180  179  178  177  177  177  178  179  181  182  185  187
  190  193  195  198  200  202  203  203  203  201  199  195  191  186  181  175
  169  163  157  151  146  142  139  137  135
    80.0-180.0 180.0   5.0 450.0                            LAT/LON1/LON2/DLON/H
  129  127  127  128  130  132  136  141  146  151  158  165  172  180  187  195
  202  208  213  216  218  219  218  215  212  208  203  199  194  189  186  182
  179  177  175  174  173  172  172  172  173  175  177  180  183  187  191  196
  202  207  213  218  223  228  231  234  235  234  232  227  222  214  206  196
  186  176  166  157  149  142  136  132  129
    77.5-180.0 180.0   5.0 450.0                            LAT/LON1/LON2/DLON/H
  135  132  130  129  130  131  133  135  138  142  146  152  159  166  175  183
  192  199  205  210  212  213  211  207  202  196  190  184  179  175  172  170
  168  167  167  167  168  169  170  171  174  176  180  184  189  195  201  208
  216  224  232  241  249  256  263  268  271  272  271  267  260  251  240  228
  214  201  187  174  163  153  145  139  135
    75.0-180.0 180.0   5.0 450.0                            LAT/LON1/LON2/DLON/H
  153  149  146  144  142  140  139  137  136  136  137  139  144  150  157  166
  175  184  192  198  201  201  198  193  187  180  173  167  162  159  158  158
  159  161  163  166  168  170  172  175  178  182  187  192  199  206  213  222
  230  240  249  259  270  280  289  297  303  307  308  305  299  290  277  263
  247  231  216  201  188  176  167  159  153
    72.5-180.0 180.0   5.0 450.0                            LAT/LON1/LON2/DLON/H
  182  176  171  167  163  158  153  148  142  136  132  130  129  132  138  146
  156  166  174  181  185  185  182  176  169  161  154  149  146  146  148  151
  155  160  165  169  172  175  179  182  186  191  197  203  211  218  226  234
  242  251  260  270  280  291  303  313  322  329  332  332  328  319  308  294
  278  262  246  231  218  206  196  188  182
    70.0-180.0 180.0   5.0 450.0                            LAT/LON1/LON2/DLON/H
  212  205  199  192  186  179  171  162  152  142  132  124  119  117  120  126
  135  145  155  162  166  166  163  157  150  143  138  135  135  138  143  149
  157  164  170  175  179  183  186  190  195  201  208  215  223  231  238  245
  251  256  263  270  279  289  300  311  322  331  338  340  339  333  324  312
  299  285  272  259  247  237  228  219  212
    67.5-180.0 180.0   5.0 450.0                            LAT/LON1/LON2/DLON/H
  236  227  219  211  204  196  187  176  164  150  136  123  113  107  106  109
  116  125  134  142  146  146  143  138  133  128  125  126  129  136  144  153
  162  170  177  182  186  189  193  197  203  210  219  227  236  243  249  253
  255  257  259  262  266  273  282  293  304  314  322  328  329  327  322  314
  305  295  286  278  270  262  253  245  236
    65.0-180.0 180.0   5.0 450.0                            LAT/LON1/LON2/DLON/H
  248  237  227  218  210  203  195  185  172  157  141  126  112  102   97   97
  101  107  115  121  124  125  123  119  116  115  117  122  129  139  149  159
  169  177  183  188  191  194  198  203  210  219  229  239  248  254  258  259
  258  255  252  250  249  252  257  264  273  283  292  298  302  302  301  298
  294  290  287  284  281  275  268  259  248
    62.5-180.0 180.0   5.0 450.0                            LAT/LON1/LON2/DLON/H
  246  233  221  211  204  198  192  185  174  161  145  129  114  101   92   88
   89   92   96  100  102  103  102  101  102  105  112  121  133  144  155  166
  174  181  187  191  195  198  203  209  218  228  240  251  260  265  267  265
  261  254  247  241  236  233  233  236  241  248  254  259  263  266  267  268
  269  272  275  278  279  276  270  259  246
    60.0-180.0 180.0   5.0 450.0                            LAT/LON1/LON2/DLON/H
  233  218  205  195  190  186  183  178  170  159  145  130  115  102   91   84
   81   80   81   82   82   82   82   84   88   97  109  123  137  150  161  169
  176  182  187  192  197  202  208  216  227  239  252  263  272  276  277  273
  267  259  250  241  233  226  221  218  217  218  220  222  224  226  229  232
  237  244  253  261  266  266  260  248  233
    57.5-180.0 180.0   5.0 450.0                            LAT/LON1/LON2/DLON/H
  217  201  189  180  176  174  172  168  162  152  140  127  114  102   92   83
   76   72   70   68   67   66   66   70   78   91  108  125  141  154  163  169
  174  180  186  192  200  208  217  227  239  252  265  277  285  288  288  284
  278  271  262  254  244  234  225  216  209  203  199  195  193  193  194  198
  205  215  226  237  246  248  243  232  217
    55.0-180.0 180.0   5.0 450.0                            LAT/LON1/LON2/DLON/H
  204  191  181  176  174  172  169  163  154  143  132  121  111  102   93   84
   76   69   65   61   58   57   58   62   72   88  107  126  143  154  161  166
  170  175  184  194  205  217  228  240  254  268  281  292  299  302  301  298
  294  290  284  278  269  258  245  232  218  205  193  184  177  172  171  174
  179  189  201  214  224  229  226  217  204
    52.5-180.0 180.0   5.0 450.0                            LAT/LON1/LON2/DLON/H
  200  193  189  188  188  186  180  168  152  137  123  113  106  100   93   86
   78   71   66   63   60   58   58   62   72   88  107  126  142  153  158  160
  164  172  183  198  213  228  242  256  269  283  297  308  315  318  319  317
  316  315  313  309  302  291  276  258  239  220  202  187  175  166  162  162
  165  172  183  195  207  214  214  209  200
    50.0-180.0 180.0   5.0 450.0                            LAT/LON1/LON2/DLON/H
  208  208  211  217  220  216  204  184  159  136  118  107  101   98   94   89
   83   78   74   73   71   70   69   71   78   91  108  126  141  150  153  156
  160  170  186  204  224  241  256  270  284  298  311  323  332  337  339  340
  341  342  343  341  335  324  308  288  265  242  220  199  184  173  166  162
  162  166  173  184  196  205  210  209  208
    47.5-180.0 180.0   5.0 450.0                            LAT/LON1/LON2/DLON/H
  223  231  243  254  260  255  237  208  174  143  119  104   98   97   96   94
   90   87   87   89   91   91   89   87   90   98  112  127  140  148  151  154
  160  172  191  213  234  253  268  281  295  309  324  338  350  358  362  365
  367  369  370  368  361  349  332  312  288  263  238  215  197  185  177  172
  169  168  173  182  194  205  213  218  223
    45.0-180.0 180.0   5.0 450.0                            LAT/LON1/LON2/DLON/H
  240  254  271  288  296  290  268  233  193  155  126  108  101  100  100   99
   97   98  101  107  113  115  113  108  106  109  118  130  141  149  153  156
  164  178  198  221  244  262  276  289  302  317  334  352  368  380  388  391
  393  393  391  387  378  364  346  326  302  277  251  228  210  198  190  185
  180  177  179  187  198  211  221  230  240
    42.5-180.0 180.0   5.0 450.0                            LAT/LON1/LON2/DLON/H
  251  267  287  305  314  307  284  249  207  168  138  118  109  106  106  105
  105  107  114  124  134  139  137  130  124  122  127  136  146  154  159  163
  172  186  207  230  251  268  281  293  306  323  343  366  387  403  413  417
  417  413  408  399  387  371  352  331  309  285  259  236  218  207  201  197
  193  189  189  196  208  221  231  240  251
    40.0-180.0 180.0   5.0 450.0                            LAT/LON1/LON2/DLON/H
  252  265  282  298  305  298  278  247  212  178  150  131  121  116  114  112
  112  114  123  136  149  158  157  150  142  137  138  146  155  163  169  174
  182  196  215  237  257  273  285  296  310  329  353  379  404  425  437  441
  438  432  423  411  396  378  358  337  315  291  266  242  223  213  209  207
  203  200  201  208  220  232  240  245  252
    37.5-180.0 180.0   5.0 450.0                            LAT/LON1/LON2/DLON/H
  244  250  259  268  270  262  247  226  204  181  161  145  134  128  123  120
  118  120  128  142  157  168  171  166  158  152  152  158  167  175  180  185
  193  206  224  244  263  279  291  302  317  338  364  392  421  443  457  461
  458  450  441  429  414  396  375  353  330  306  279  253  232  220  216  214
  212  211  213  222  234  243  246  244  244
    35.0-180.0 180.0   5.0 450.0                            LAT/LON1/LON2/DLON/H
  234  230  229  227  221  211  200  191  184  176  166  156  146  139  133  129
  125  125  131  143  158  172  179  179  174  169  169  173  181  187  191  195
  202  214  232  252  271  287  300  313  329  350  377  406  434  457  472  477
  475  471  466  460  450  433  412  388  364  337  307  276  251  234  227  225
  223  222  227  237  249  255  252  243  234
    32.5-180.0 180.0   5.0 450.0                            LAT/LON1/LON2/DLON/H
  231  218  207  193  176  161  153  153  160  166  167  163  156  149  143  138
  134  132  134  142  157  172  184  190  189  187  186  189  193  197  199  201
  207  220  239  262  282  299  314  328  345  366  391  417  443  465  480  488
  491  495  501  507  505  493  471  445  418  388  355  318  286  263  250  243
  239  239  244  255  266  270  262  246  231
    30.0-180.0 180.0   5.0 450.0                            LAT/LON1/LON2/DLON/H
  243  226  208  184  156  133  123  128  143  158  167  168  163  157  153  149
  146  142  140  144  156  173  190  201  206  205  203  202  202  201  200  202
  209  224  247  272  296  314  330  344  362  382  404  426  448  467  483  494
  506  522  544  564  575  569  548  520  490  457  420  379  340  309  288  275
  266  263  268  278  288  289  279  261  243
    27.5-180.0 180.0   5.0 450.0                            LAT/LON1/LON2/DLON/H
  276  262  241  210  174  142  126  129  143  160  171  173  169  165  163  162
  160  155  150  150  160  178  200  216  224  223  217  210  204  199  196  197
  206  226  254  284  309  329  344  359  376  395  413  431  448  465  481  498
  520  550  587  624  647  648  629  599  567  534  497  454  410  371  342  321
  307  299  300  308  316  316  305  290  276
    25.0-180.0 180.0   5.0 450.0                            LAT/LON1/LON2/DLON/H
  329  321  304  271  230  191  167  161  166  175  182  182  178  174  174  176
  177  172  165  162  170  190  215  235  243  239  226  212  200  190  184  187
  200  226  260  293  321  340  354  368  384  402  418  432  446  461  479  501
  532  574  625  674  707  714  697  667  636  606  573  533  488  445  409  381
  360  346  343  347  351  349  342  334  329
    22.5-180.0 180.0   5.0 450.0                            LAT/LON1/LON2/DLON/H
  392  394  383  353  312  271  240  220  210  206  203  199  193  188  188  191
  194  190  183  178  185  206  234  255  261  250  229  206  187  174  168  173
  191  223  262  299  326  343  356  369  385  403  418  430  443  458  479  506
  542  591  649  705  742  752  736  709  683  661  636  604  563  521  482  449
  421  402  393  392  392  389  386  387  392
    20.0-180.0 180.0   5.0 450.0                            LAT/LON1/LON2/DLON/H
  454  463  457  433  397  360  325  294  268  247  233  223  214  207  205  207
  210  207  199  195  202  225  254  273  274  254  223  193  169  154  150  157
  180  217  260  298  325  340  350  363  380  399  415  428  442  459  483  513
  552  601  657  710  745  754  741  719  701  691  679  658  627  590  552  517
  486  463  449  442  438  434  433  441  454
    17.5-180.0 180.0   5.0 450.0                            LAT/LON1/LON2/DLON/H
  503  511  504  485  460  432  401  364  324  290  268  254  243  232  225  223
  223  220  212  208  217  242  270  287  279  250  210  173  147  134  131  142
  169  209  254  292  317  330  341  355  374  394  412  427  444  466  493  525
  561  603  649  691  719  725  714  700  694  696  698  691  671  643  611  578
  547  521  504  493  484  478  479  488  503
    15.0-180.0 180.0   5.0 450.0                            LAT/LON1/LON2/DLON/H
  529  526  512  493  479  467  446  411  366  325  299  285  274  260  246  237
  233  228  220  217  227  252  280  291  276  238  191  151  126  115  116  129
  157  198  243  281  305  319  331  348  370  392  412  430  450  477  507  540
  571  602  632  658  674  677  671  666  671  686  699  703  695  677  653  625
  596  572  553  539  528  520  519  524  529
    12.5-180.0 180.0   5.0 450.0                            LAT/LON1/LON2/DLON/H
  532  508  477  454  450  456  451  425  382  343  321  312  303  287  266  250
  240  232  223  220  231  256  280  287  265  220  169  130  107  100  104  119
  147  186  230  267  292  310  327  348  373  396  415  435  459  489  523  555
  581  600  614  625  630  630  630  636  651  672  691  702  701  691  675  654
  631  609  592  578  566  557  550  545  532
    10.0-180.0 180.0   5.0 450.0                            LAT/LON1/LON2/DLON/H
  519  467  413  382  384  406  420  406  372  342  329  330  326  309  283  260
  245  233  224  220  230  252  273  274  247  199  149  112   94   91   97  111
  137  174  216  253  282  306  330  357  383  404  422  440  466  500  537  570
  592  603  606  605  603  605  612  627  648  669  686  694  695  690  681  666
  647  629  615  605  595  585  574  555  519
     7.5-180.0 180.0   5.0 450.0                            LAT/LON1/LON2/DLON/H
  501  421  345  302  307  341  368  367  345  326  326  337  340  323  294  266
  248  235  224  219  226  244  259  255  226  179  132  101   88   88   94  106
  129  162  202  241  276  307  340  371  397  415  427  443  469  504  544  580
  604  613  612  608  606  613  628  649  670  684  689  688  683  679  672  661
  646  632  623  617  612  605  590  558  501
     5.0-180.0 180.0   5.0 450.0                            LAT/LON1/LON2/DLON/H
  490  392  299  247  250  289  323  329  315  305  316  336  343  328  298  270
  251  238  226  220  222  234  243  235  204  161  121   96   87   88   93  102
  121  152  191  232  272  312  352  387  411  423  429  440  463  500  543  583
  613  629  634  636  641  655  678  701  716  716  703  685  670  661  654  644
  631  619  614  613  615  613  600  562  490
     2.5-180.0 180.0   5.0 450.0                            LAT/LON1/LON2/DLON/H
  493  392  295  240  241  277  308  313  299  294  308  331  340  326  298  271
  254  242  232  223  222  226  227  215  186  148  115   96   90   90   92   98
  113  142  181  224  269  315  359  395  417  422  422  428  449  486  531  577
  617  646  666  680  697  721  748  770  773  755  720  684  656  640  629  617
  604  593  590  594  603  609  602  567  493
