data/IONEX/COD0OPSFIN_20232130000_01D_01H_GIM.INX
     1.0            IONOSPHERE MAPS     GNSS                IONEX VERSION / TYPE
ADDNEQ2 V5.5        AIUB                05-AUG-23 21:05     PGM / RUN BY / DATE 
CODE'S GLOBAL IONOSPHERE MAPS FOR DAY 213, 2023             COMMENT             
Global ionosphere maps (GIM) are generated on a daily basis DESCRIPTION         
at CODE using data from about 300 GNSS sites of the IGS and DESCRIPTION         
other institutions. The vertical total electron content     DESCRIPTION         
(VTEC) is modeled in a solar-geomagnetic reference frame    DESCRIPTION         
using a spherical harmonics expansion up to degree and      DESCRIPTION         
order 15. Piece-wise linear functions are used for          DESCRIPTION         
representation in the time domain. The time spacing of      DESCRIPTION         
their vertices is 1 hour, conforming with the epochs of the DESCRIPTION         
VTEC maps.                                                  DESCRIPTION         
To convert line-of-sight TEC into vertical TEC, a modified  DESCRIPTION         
single-layer model mapping function approximating the JPL   DESCRIPTION         
extended slab model mapping function is adopted. The        DESCRIPTION         
mapping function is evaluated at geodetic satellite         DESCRIPTION         
elevation angles. For the computation of the ionospheric    DESCRIPTION         
pierce points, a spherical layer with a radius of 6821 km   DESCRIPTION         
is assumed, implying geocentric, not geodetic IONEX         DESCRIPTION         
latitudes.                                                  DESCRIPTION         
Instrumental biases with respect to each involved GNSS code DESCRIPTION         
observable are estimated as constant values for each        DESCRIPTION         
day. They are modeled with one set of bias parameters for   DESCRIPTION         
each satellite and each station in case of GPS and for each DESCRIPTION         
satellite-station link in case of GLONASS. The code bias    DESCRIPTION         
datum is defined by zero-mean conditions imposed on the     DESCRIPTION         
satellite bias estimates. In this file, just GPS C1W-C2W    DESCRIPTION         
satellite and station bias values are included. The         DESCRIPTION         
complete set of GNSS code bias results is provided in an    DESCRIPTION         
additional Bias-SINEX file as pseudo-absolute values        DESCRIPTION         
specific to each observable.                                DESCRIPTION         
Note: These GIM results correspond to the results for the   DESCRIPTION         
middle day of a 3-day combination analysis solving for 73   DESCRIPTION         
times 256, or 18688 VTEC parameters and 3 daily sets of     DESCRIPTION         
GNSS code bias parameters.                                  DESCRIPTION         
Contact address: code(at)aiub.unibe.ch                      DESCRIPTION         
Data archive:    ftp.aiub.unibe.ch/CODE/                    DESCRIPTION         
                 www.aiub.unibe.ch/download/CODE/           DESCRIPTION         
  2023     8     1     0     0     0                        EPOCH OF FIRST MAP  
  2023     8     2     0     0     0                        EPOCH OF LAST MAP   
  3600                                                      INTERVAL            
[...]
bshm cags cas1 ccj2 cedu chpg chpi chti chur cnmr coco cord COMMENT             
cpvg cpxf crar cro1 daej darw dav1 dgar dhlg drao dubo ebre COMMENT             
faa1 fair flin flrs frdn ftna func ganp glps glsv gode godz COMMENT             
gol2 gold gope gras graz guat guug harb hers hert hlfx hnpt COMMENT             
hob2 hofn holb hrao hyde ieng iisc ineg invk iqal irkj jog2 COMMENT             
joz2 joze karr kerg kir0 kiri kiru kit3 kokb kokv kouc koug COMMENT             
kour krgg lae1 lama laut lhaz lmmf lpal lpgs m0se mac1 madr COMMENT             
mal2 mana mas1 mat1 mate maw1 mcil mcm4 mdo1 mdvj medi mets COMMENT             
mgue mizu mkea mnls mobs monp morp mqzg mro1 mtka nano naur COMMENT             
nico nist nium nklg nlib nnor not1 nrc1 nrmd ntus nya1 nyal COMMENT             
onsa opmt ous2 pado park pdel penc pert pie1 pimo pohn pol2 COMMENT             
polv pots pove prds ptag ptbb ptvl qaq1 quin rabt ramo reun COMMENT             
reyk rgdg rio2 riop salu samo sant savo sch2 scor scrz sctb COMMENT             
scub seyg sfer shao smst sofi spt0 sthl stjo stk2 str2 suth COMMENT             
sutm suwn sydn syog tabl tabv tash thtg thti thu2 tid1 tidb COMMENT             
tlse tn22 tow2 tro1 tskb tuva twtf txes uclu ufpr ulab unbj COMMENT             
unsa urum usn7 usud vald vill voim vtsp wab1 wab2 wark wgtn COMMENT             
whit will wsrt wtza wtzl wtzr wtzs wtzz wuhn xmis yar2 yar3 COMMENT             
yarr yell zamb zeck zim2 zim3 zimm                          COMMENT             
                                                            END OF HEADER       
[from data line 9867]
    24                                                      START OF TEC MAP    
  2023     8     1    23     0     0                        EPOCH OF CURRENT MAP
    87.5-180.0 180.0   5.0 450.0                            LAT/LON1/LON2/DLON/H
  151  152  152  153  154  155  155  156  157  157  158  158  159  159  159  159
  159  159  158  158  157  157  156  155  154  153  152  152  151  150  149  148
  147  146  145  145  144  143  143  142  142  142  142  141  141  141  141  142
  142  142  142  143  143  143  143  144  144  144  145  145  145  146  146  146
  147  147  147  148  148  149  150  150  151
    85.0-180.0 180.0   5.0 450.0                            LAT/LON1/LON2/DLON/H
  149  150  152  154  156  158  160  162  164  165  167  168  169  170  170  170
  170  169  168  167  166  164  162  161  159  157  155  153  151  149  148  146
  144  142  141  140  138  137  136  135  135  135  135  135  135  136  136  137
  138  139  140  141  142  143  144  144  145  145  145  145  145  145  145  144
  144  144  144  145  145  146  147  148  149
    82.5-180.0 180.0   5.0 450.0                            LAT/LON1/LON2/DLON/H
  145  147  149  152  155  159  162  166  169  172  175  177  179  180  181  180
  179  178  176  174  172  169  167  164  161  159  156  154  152  149  147  145
  143  141  139  137  135  134  132  131  130  130  130  131  132  133  135  137
  140  142  144  147  148  150  151  152  152  152  151  151  149  148  147  146
  144  143  143  142  142  142  143  144  145
    80.0-180.0 180.0   5.0 450.0                            LAT/LON1/LON2/DLON/H
  144  145  148  151  155  159  164  169  174  178  183  186  189  190  190  189
  188  185  182  179  175  172  168  165  162  159  157  155  153  151  149  147
  146  144  141  139  137  135  133  131  130  129  129  130  132  134  137  141
  145  149  154  157  160  163  164  165  165  164  163  161  159  157  154  152
  150  148  146  144  143  143  143  143  144
    77.5-180.0 180.0   5.0 450.0                            LAT/LON1/LON2/DLON/H
  150  150  151  153  157  161  166  172  178  185  190  195  198  199  199  197
  194  190  186  181  176  172  168  165  162  160  158  156  155  154  153  152
  151  150  148  146  143  141  138  136  134  132  132  132  134  138  142  148
  154  160  166  171  176  179  181  181  181  179  177  175  172  169  166  164
  162  160  158  156  154  153  151  150  150
    75.0-180.0 180.0   5.0 450.0                            LAT/LON1/LON2/DLON/H
  166  164  162  162  163  166  171  177  184  191  198  203  207  208  207  205
  200  195  189  183  178  173  169  166  163  161  160  159  158  158  158  158
  157  157  156  154  152  149  146  143  140  138  137  137  139  142  148  155
  162  171  178  185  190  194  196  196  195  193  191  188  186  184  182  181
  180  180  179  178  176  174  172  169  166
    72.5-180.0 180.0   5.0 450.0                            LAT/LON1/LON2/DLON/H
  193  187  182  178  176  176  178  183  190  197  205  211  216  217  216  212
  207  200  193  187  181  176  173  170  168  166  164  163  162  161  161  161
  161  161  161  161  159  157  155  151  148  144  142  141  142  146  152  159
  168  178  187  195  200  204  206  206  204  202  200  199  198  199  200  202
  204  206  207  208  207  205  202  198  193
    70.0-180.0 180.0   5.0 450.0                            LAT/LON1/LON2/DLON/H
  225  216  207  199  192  188  187  189  195  203  211  218  224  226  225  220
  214  207  199  193  188  184  181  178  176  173  170  167  165  163  162  162
  162  162  163  163  163  162  160  157  154  150  146  144  144  146  152  160
  169  179  189  197  203  206  207  207  206  205  204  205  208  212  216  222
  227  233  237  241  242  241  238  233  225
    67.5-180.0 180.0   5.0 450.0                            LAT/LON1/LON2/DLON/H
  257  246  234  221  210  201  196  196  199  206  215  223  230  233  232  228
  221  214  208  203  199  197  194  191  187  183  178  173  169  165  163  161
  160  159  160  161  162  162  162  160  157  152  148  144  142  143  147  154
  163  173  183  191  196  199  200  200  200  201  203  207  214  221  230  239
  248  256  264  269  273  274  271  266  257
    65.0-180.0 180.0   5.0 450.0                            LAT/LON1/LON2/DLON/H
  282  270  257  242  227  215  206  201  202  207  215  225  233  237  237  234
  228  222  218  215  213  212  210  207  201  195  188  181  175  170  165  161
  158  157  156  156  158  159  161  160  158  153  148  142  138  137  139  144
  152  161  170  177  182  185  186  187  189  192  198  206  216  227  239  250
  260  270  280  287  293  295  295  290  282
    62.5-180.0 180.0   5.0 450.0                            LAT/LON1/LON2/DLON/H
  295  286  273  258  243  227  214  206  202  205  212  222  231  237  239  237
  233  229  227  226  227  228  227  223  216  208  200  192  186  180  174  169
  163  158  155  154  154  156  158  159  158  153  147  139  133  129  128  131
  137  144  152  158  162  165  168  171  175  183  193  205  218  231  244  255
  265  274  283  291  298  302  304  301  295
    60.0-180.0 180.0   5.0 450.0                            LAT/LON1/LON2/DLON/H
  296  290  282  270  256  240  224  211  203  202  207  216  226  234  237  237
  235  233  233  236  240  242  241  237  229  221  213  207  202  198  193  186
  177  168  161  156  155  156  158  160  159  154  147  138  129  122  118  118
  121  127  132  138  142  146  150  156  164  175  189  205  220  234  246  255
  262  269  275  283  290  295  299  299  296
    57.5-180.0 180.0   5.0 450.0                            LAT/LON1/LON2/DLON/H
  289  288  285  278  268  254  237  220  208  201  202  209  219  227  232  233
  233  233  236  242  248  252  252  248  241  234  229  226  225  224  220  212
  200  187  175  166  161  160  162  163  162  157  149  139  128  118  112  109
  109  112  116  121  125  130  137  146  158  173  190  208  225  238  248  253
  256  259  262  268  274  281  286  289  289
    55.0-180.0 180.0   5.0 450.0                            LAT/LON1/LON2/DLON/H
  281  284  286  286  282  271  255  236  218  205  201  204  212  220  225  228
  229  231  236  244  252  257  258  255  250  246  245  248  252  255  252  243
  229  211  194  181  173  169  169  169  168  163  155  143  130  119  111  105
  103  104  106  109  114  120  129  141  157  176  196  215  232  244  251  253
  252  251  252  255  261  268  273  277  281
    52.5-180.0 180.0   5.0 450.0                            LAT/LON1/LON2/DLON/H
  278  284  291  297  299  294  279  259  236  217  206  204  208  214  219  221
  223  227  233  242  252  259  262  261  258  258  262  270  279  284  282  271
  254  234  213  197  186  180  178  178  176  171  162  150  137  125  116  109
  105  103  103  105  110  117  128  143  161  182  204  224  241  252  258  257
  254  251  251  254  259  265  270  274  278
    50.0-180.0 180.0   5.0 450.0                            LAT/LON1/LON2/DLON/H
  287  293  302  313  321  320  309  289  263  239  221  211  210  212  214  217
  219  223  230  239  250  258  264  266  267  271  278  289  299  304  301  289
  270  248  226  209  197  190  188  187  185  180  171  160  148  136  127  119
  114  110  108  108  112  120  132  149  169  190  212  233  249  261  267  268
  266  263  264  267  273  279  282  284  287
    47.5-180.0 180.0   5.0 450.0                            LAT/LON1/LON2/DLON/H
  309  312  321  334  345  349  343  325  298  269  245  228  219  215  215  215
  217  220  227  236  248  258  267  273  278  284  292  302  310  312  306  292
  272  250  231  215  205  199  196  196  194  189  181  171  160  150  142  134
  128  122  118  117  119  126  139  156  176  198  220  239  257  270  280  284
  286  288  291  297  303  308  310  309  309
    45.0-180.0 180.0   5.0 450.0                            LAT/LON1/LON2/DLON/H
  341  341  347  358  370  378  376  362  338  308  278  253  236  225  220  218
  218  221  227  236  247  261  273  283  291  297  303  309  311  307  296  280
  261  244  229  218  210  206  204  204  203  199  192  183  174  166  159  152
  145  138  132  128  128  134  146  163  183  204  224  243  262  279  293  305
  313  321  328  337  345  349  349  345  341
    42.5-180.0 180.0   5.0 450.0                            LAT/LON1/LON2/DLON/H
  378  374  376  384  394  404  406  398  379  350  317  286  260  242  231  226
  225  227  231  239  251  267  284  297  306  311  312  310  305  295  280  263
  247  235  227  222  218  215  214  214  213  210  203  196  188  181  175  169
  162  155  147  141  138  141  151  168  188  208  227  245  265  285  306  325
  342  356  369  381  390  393  392  385  378
    40.0-180.0 180.0   5.0 450.0                            LAT/LON1/LON2/DLON/H
  415  409  407  410  417  426  432  431  419  394  361  325  291  265  248  239
  236  237  240  247  260  278  299  315  324  324  319  310  299  284  268  253
  243  238  237  236  234  232  230  229  228  224  217  209  202  196  190  185
  178  169  161  153  147  148  156  171  191  211  229  247  266  290  316  343
  368  389  406  420  429  432  430  423  415
    37.5-180.0 180.0   5.0 450.0                            LAT/LON1/LON2/DLON/H
  448  442  438  437  440  446  455  461  456  437  406  366  326  293  270  257
  253  253  255  261  274  295  318  335  341  337  326  313  300  286  273  263
  260  262  265  267  264  259  254  251  247  242  233  223  215  209  203  196
  189  180  171  162  155  153  159  174  194  215  233  250  269  293  323  356
  387  413  434  448  457  460  458  453  448
    35.0-180.0 180.0   5.0 450.0                            LAT/LON1/LON2/DLON/H
  473  473  470  467  465  469  478  488  491  478  450  410  365  325  296  281
  275  274  276  282  295  317  340  356  358  349  336  324  315  308  302  300
  303  310  315  315  307  296  286  278  271  262  250  238  228  220  212  204
  196  187  179  170  162  158  162  177  199  221  239  255  272  296  327  363
  397  427  450  464  472  475  474  474  473
    32.5-180.0 180.0   5.0 450.0                            LAT/LON1/LON2/DLON/H
  494  501  503  501  496  497  505  517  524  517  493  453  406  361  328  309
  302  302  303  309  322  343  364  376  373  360  347  342  344  349  353  359
  367  376  380  374  358  339  321  307  295  282  267  252  239  228  219  208
  198  190  182  175  167  162  166  181  204  229  248  263  277  298  328  363
  400  432  455  470  477  480  482  486  494
    30.0-180.0 180.0   5.0 450.0                            LAT/LON1/LON2/DLON/H
  511  528  538  540  535  533  538  549  557  554  533  495  449  402  365  343
  335  334  336  342  354  372  389  393  384  369  361  367  383  401  415  427
  437  444  443  429  404  376  350  330  314  298  280  262  247  235  223  210
  197  188  183  177  171  165  168  184  210  237  258  272  283  300  326  360
  396  429  454  469  477  481  486  496  511
    27.5-180.0 180.0   5.0 450.0                            LAT/LON1/LON2/DLON/H
  528  554  574  583  581  577  578  585  591  588  570  536  492  446  406  382
  372  372  374  379  389  403  412  408  391  374  373  391  421  449  469  481
  489  491  484  462  430  395  364  340  322  304  285  267  251  238  224  209
  194  184  180  177  172  167  169  185  213  243  266  280  289  302  323  354
  389  423  450  467  477  483  491  506  528
    25.0-180.0 180.0   5.0 450.0                            LAT/LON1/LON2/DLON/H
  546  579  608  625  628  625  622  623  624  619  603  574  535  491  451  424
  413  412  415  419  425  433  433  418  394  376  380  407  445  476  493  499
  501  497  484  458  423  385  354  330  312  296  280  264  251  239  225  207
  190  178  174  173  170  166  168  184  212  245  270  285  293  303  321  348
  382  417  446  467  480  490  500  518  546
    22.5-180.0 180.0   5.0 450.0                            LAT/LON1/LON2/DLON/H
  562  598  634  660  670  669  664  659  653  645  630  608  576  537  497  468
  455  452  454  456  458  458  448  423  391  372  378  409  444  467  472  467
  460  451  435  409  377  344  317  298  286  275  264  254  245  237  224  205
  185  171  166  166  164  161  162  178  207  240  268  285  294  304  320  345
  378  413  444  469  488  501  514  533  562
    20.0-180.0 180.0   5.0 450.0                            LAT/LON1/LON2/DLON/H
  574  610  650  682  700  704  698  688  676  664  651  635  612  579  542  511
  494  489  489  488  485  477  457  423  384  362  367  391  413  417  403  383
  368  356  342  321  297  274  258  249  245  244  242  239  237  232  222  203
  180  163  156  156  155  152  153  168  196  230  260  280  294  305  322  346
  378  412  445  474  497  514  530  547  574
    17.5-180.0 180.0   5.0 450.0                            LAT/LON1/LON2/DLON/H
  580  612  651  688  713  722  719  707  690  675  664  655  641  615  581  548
  528  519  515  510  501  485  457  416  374  348  347  357  357  334  297  265
  245  235  225  212  199  190  188  192  199  209  217  223  227  227  219  201
  176  156  145  143  142  140  141  155  181  215  247  273  291  308  328  353
  383  417  449  479  505  526  543  559  580
    15.0-180.0 180.0   5.0 450.0                            LAT/LON1/LON2/DLON/H
  581  606  642  680  710  725  725  714  696  680  670  668  662  644  612  579
  554  541  531  520  505  483  450  405  361  332  323  314  286  236  181  142
  124  119  115  109  107  111  123  139  158  179  197  211  219  222  216  199
  173  149  134  129  127  126  128  141  166  199  233  264  290  313  337  364
  394  425  455  483  510  535  553  566  581
    12.5-180.0 180.0   5.0 450.0                            LAT/LON1/LON2/DLON/H
  579  596  626  663  695  715  721  713  697  680  673  675  676  663  634  600
  572  552  536  518  497  471  435  390  348  318  299  272  219  148   84   49
   42   44   43   40   43   56   78  103  131  160  185  204  214  217  213  196
  169  142  123  115  113  112  116  128  151  184  219  255  289  321  350  380
  410  438  463  488  514  539  559  570  579
    10.0-180.0 180.0   5.0 450.0                            LAT/LON1/LON2/DLON/H
  580  591  614  647  679  703  714  711  697  682  675  678  683  674  648  613
  581  555  531  506  480  452  417  376  337  309  284  242  173   94   35   16
   25   36   33   24   24   38   63   92  123  156  185  203  211  212  207  191
  165  136  113  103  100  100  105  117  139  171  208  249  290  329  365  398
  428  454  475  495  519  544  564  574  580
     7.5-180.0 180.0   5.0 450.0                            LAT/LON1/LON2/DLON/H
  589  596  614  642  672  697  711  713  703  689  680  683  687  679  654  620
  585  553  521  490  460  432  399  364  331  307  281  233  161   89   51   58
   87  102   89   65   53   61   81  107  135  166  193  207  210  206  198  183
  158  129  105   92   89   91   96  108  129  160  199  244  292  337  378  415
  447  472  491  507  527  552  573  584  589
     5.0-180.0 180.0   5.0 450.0                            LAT/LON1/LON2/DLON/H
  609  616  631  655  681  704  720  725  718  703  692  690  690  682  657  622
  585  548  511  474  442  415  386  357  331  313  290  247  185  134  127  167
  215  229  199  152  121  115  125  141  161  184  204  212  206  196  185  171
  148  120   96   83   80   83   89  101  120  150  190  239  292  342  387  427
  462  490  509  524  542  565  588  602  609
     2.5-180.0 180.0   5.0 450.0                            LAT/LON1/LON2/DLON/H
  638  649  664  685  706  726  741  747  741  725  709  701  696  684  658  623
  584  544  503  464  431  405  381  356  336  323  308  277  235  215  245  315
  377  383  331  258  205  183  179  182  189  202  213  212  198  181  168  154
  134  109   86   74   72   75   81   92  109  138  179  232  288  342  389  432
  471  503  527  544  562  585  609  627  638
