data/IONEX/COD0OPSFIN_20232130000_01D_01H_GIM.INX
     1.0            IONOSPHERE MAPS     GNSS                IONEX VERSION / TYPE
ADDNEQ2 V5.5        AIUB                05-AUG-23 21:05     PGM / RUN BY / DATE 
CODE'S GLOBAL IONOSPHERE MAPS FOR DAY 213, 2023             COMMENT             
Global ionosphere maps (GIM) are generated on a daily basis DESCRIPTION         
at CODE using data from about 300 GNSS sites of the IGS and DESCRIPTION         
other institutions. The vertical total electron content     DESCRIPTION         
(VTEC) is modeled in a solar-geomagnetic reference frame    DESCRIPTION         
using a spherical harmonics expansion up to degree and      DESCRIPTION         
order 15. Piece-wise linear functions are used for          DESCRIPTION         
representation in the time domain. The time spacing of      DESCRIPTION         
their vertices is 1 hour, conforming with the epochs of the DESCRIPTION         
VTEC maps.                                                  DESCRIPTION         
To convert line-of-sight TEC into vertical TEC, a modified  DESCRIPTION         
single-layer model mapping function approximating the JPL   DESCRIPTION         
extended slab model mapping function is adopted. The        DESCRIPTION         
mapping function is evaluated at geodetic satellite         DESCRIPTION         
elevation angles. For the computation of the ionospheric    DESCRIPTION         
pierce points, a spherical layer with a radius of 6821 km   DESCRIPTION         
is assumed, implying geocentric, not geodetic IONEX         DESCRIPTION         
latitudes.                                                  DESCRIPTION         
Instrumental biases with respect to each involved GNSS code DESCRIPTION         
observable are estimated as constant values for each        DESCRIPTION         
day. They are modeled with one set of bias parameters for   DESCRIPTION         
each satellite and each station in case of GPS and for each DESCRIPTION         
satellite-station link in case of GLONASS. The code bias    DESCRIPTION         
datum is defined by zero-mean conditions imposed on the     DESCRIPTION         
satellite bias estimates. In this file, just GPS C1W-C2W    DESCRIPTION         
satellite and station bias values are included. The         DESCRIPTION         
complete set of GNSS code bias results is provided in an    DESCRIPTION         
additional Bias-SINEX file as pseudo-absolute values        DESCRIPTION         
specific to each observable.                                DESCRIPTION         
Note: These GIM results correspond to the results for the   DESCRIPTION         
middle day of a 3-day combination analysis solving for 73   DESCRIPTION         
times 256, or 18688 VTEC parameters and 3 daily sets of     DESCRIPTION         
GNSS code bias parameters.                                  DESCRIPTION         
Contact address: code(at)aiub.unibe.ch                      DESCRIPTION         
Data archive:    ftp.aiub.unibe.ch/CODE/                    DESCRIPTION         
                 www.aiub.unibe.ch/download/CODE/           DESCRIPTION         
  2023     8     1     0     0     0                        EPOCH OF FIRST MAP  
  2023     8     2     0     0     0                        EPOCH OF LAST MAP   
  3600                                                      INTERVAL            
[...]
bshm cags cas1 ccj2 cedu chpg chpi chti chur cnmr coco cord COMMENT             
cpvg cpxf crar cro1 daej darw dav1 dgar dhlg drao dubo ebre COMMENT             
faa1 fair flin flrs frdn ftna func ganp glps glsv gode godz COMMENT             
gol2 gold gope gras graz guat guug harb hers hert hlfx hnpt COMMENT             
hob2 hofn holb hrao hyde ieng iisc ineg invk iqal irkj jog2 COMMENT             
joz2 joze karr kerg kir0 kiri kiru kit3 kokb kokv kouc koug COMMENT             
kour krgg lae1 lama laut lhaz lmmf lpal lpgs m0se mac1 madr COMMENT             
mal2 mana mas1 mat1 mate maw1 mcil mcm4 mdo1 mdvj medi mets COMMENT             
mgue mizu mkea mnls mobs monp morp mqzg mro1 mtka nano naur COMMENT             
nico nist nium nklg nlib nnor not1 nrc1 nrmd ntus nya1 nyal COMMENT             
onsa opmt ous2 pado park pdel penc pert pie1 pimo pohn pol2 COMMENT             
polv pots pove prds ptag ptbb ptvl qaq1 quin rabt ramo reun COMMENT             
reyk rgdg rio2 riop salu samo sant savo sch2 scor scrz sctb COMMENT             
scub seyg sfer shao smst sofi spt0 sthl stjo stk2 str2 suth COMMENT             
sutm suwn sydn syog tabl tabv tash thtg thti thu2 tid1 tidb COMMENT             
tlse tn22 tow2 tro1 tskb tuva twtf txes uclu ufpr ulab unbj COMMENT             
unsa urum usn7 usud vald vill voim vtsp wab1 wab2 wark wgtn COMMENT             
whit will wsrt wtza wtzl wtzr wtzs wtzz wuhn xmis yar2 yar3 COMMENT             
yarr yell zamb zeck zim2 zim3 zimm                          COMMENT             
                                                            END OF HEADER       
[from data line 8580]
    21                                                      START OF TEC MAP    
  2023     8     1    20     0     0                        EPOCH OF CURRENT MAP
    87.5-180.0 180.0   5.0 450.0                            LAT/LON1/LON2/DLON/H
  144  145  146  147  148  149  151  152  153  154  155  157  158  159  160  160
  161  162  162  162  163  163  163  162  162  162  161  161  160  159  158  158
  157  156  155  154  153  152  151  150  149  149  148  147  147  146  146  145
  145  145  144  144  144  144  144  143  143  143  143  143  143  142  142  142
  142  142  142  142  142  143  143  144  144
    85.0-180.0 180.0   5.0 450.0                            LAT/LON1/LON2/DLON/H
  131  133  135  137  140  143  146  149  152  155  158  161  164  166  168  170
  171  172  173  174  174  174  173  173  172  171  170  168  167  165  164  162
  160  158  156  155  153  151  149  147  145  144  143  142  141  140  140  140
  140  140  140  141  141  142  142  142  142  142  141  140  139  138  137  135
  134  133  132  131  130  130  130  130  131
    82.5-180.0 180.0   5.0 450.0                            LAT/LON1/LON2/DLON/H
  116  117  120  124  128  133  139  144  150  155  161  165  170  173  176  179
  180  181  182  182  182  182  181  180  179  177  176  174  173  171  169  167
  165  162  160  157  154  152  149  146  144  141  139  137  136  136  135  136
  137  138  140  142  144  146  147  148  149  149  148  146  144  141  138  134
  130  126  123  120  117  116  115  115  116
    80.0-180.0 180.0   5.0 450.0                            LAT/LON1/LON2/DLON/H
  103  105  108  113  119  126  134  141  149  157  164  170  176  180  183  186
  187  188  188  187  187  186  185  184  183  182  181  179  178  176  175  173
  171  169  167  164  161  158  154  150  147  143  140  137  135  134  134  135
  137  140  143  147  151  155  158  161  162  163  162  159  156  151  145  139
  133  126  120  114  109  106  103  102  103
    77.5-180.0 180.0   5.0 450.0                            LAT/LON1/LON2/DLON/H
  100  102  105  110  117  125  134  144  153  162  171  178  183  187  190  192
  192  192  191  190  190  189  188  188  187  187  186  185  184  183  182  181
  180  178  177  174  172  169  165  160  156  151  146  142  139  137  136  137
  139  143  148  154  161  167  172  176  179  180  179  177  172  166  159  151
  142  134  126  118  111  106  102  100  100
    75.0-180.0 180.0   5.0 450.0                            LAT/LON1/LON2/DLON/H
  113  113  116  120  126  134  143  152  162  172  181  188  193  196  198  198
  197  196  194  193  193  193  193  193  194  194  193  192  191  190  190  189
  188  188  187  186  184  182  178  174  169  163  157  151  147  143  142  142
  144  149  155  162  169  177  184  189  193  195  195  193  188  183  175  167
  158  150  141  133  127  121  116  114  113
    72.5-180.0 180.0   5.0 450.0                            LAT/LON1/LON2/DLON/H
  141  140  141  143  146  152  159  167  176  185  193  200  204  207  207  205
  203  201  199  198  198  200  202  203  204  205  204  202  200  198  196  195
  195  195  195  195  195  194  191  188  183  177  170  163  157  153  150  149
  150  154  160  167  174  182  190  196  200  203  203  202  199  195  190  184
  178  171  165  160  155  150  146  143  141
    70.0-180.0 180.0   5.0 450.0                            LAT/LON1/LON2/DLON/H
  181  179  176  175  175  176  180  186  192  200  207  213  217  218  217  214
  211  208  206  206  208  211  215  218  220  220  218  214  210  206  202  200
  199  199  200  201  202  202  201  198  194  189  182  176  169  163  159  156
  156  158  162  168  174  180  186  192  196  199  200  201  200  199  198  197
  196  195  193  192  191  189  187  184  181
    67.5-180.0 180.0   5.0 450.0                            LAT/LON1/LON2/DLON/H
  226  221  216  210  206  202  201  203  207  213  219  225  228  229  228  225
  221  218  217  218  222  227  232  237  238  237  233  227  220  213  207  203
  201  200  201  202  204  205  205  204  201  198  192  186  179  173  167  163
  161  160  162  164  167  171  174  178  181  183  185  188  191  195  199  204
  209  214  219  224  227  229  230  229  226
    65.0-180.0 180.0   5.0 450.0                            LAT/LON1/LON2/DLON/H
  264  259  251  242  233  225  220  217  218  222  227  233  237  239  238  235
  231  229  228  231  236  243  250  255  257  254  248  239  230  221  214  209
  206  204  204  204  204  205  206  206  205  203  199  194  188  181  175  169
  165  161  159  157  156  156  156  156  157  159  162  167  173  182  192  203
  215  227  238  248  256  263  266  267  264
    62.5-180.0 180.0   5.0 450.0                            LAT/LON1/LON2/DLON/H
  290  285  277  266  254  243  233  227  225  226  231  236  241  244  245  243
  240  239  239  243  249  257  265  270  271  268  260  250  240  231  224  220
  217  214  212  210  208  207  207  208  208  207  204  200  195  188  181  174
  167  161  155  149  144  139  135  133  132  133  136  143  152  165  179  195
  212  229  245  260  272  282  288  291  290
    60.0-180.0 180.0   5.0 450.0                            LAT/LON1/LON2/DLON/H
  300  297  290  280  268  255  243  234  229  228  231  236  241  245  247  247
  246  245  246  250  257  266  274  279  280  277  269  260  252  245  241  239
  237  234  230  224  219  215  213  212  212  212  210  206  201  193  185  177
  168  160  150  141  132  124  117  112  110  111  115  122  133  148  165  185
  204  224  243  259  273  285  293  298  300
    57.5-180.0 180.0   5.0 450.0                            LAT/LON1/LON2/DLON/H
  297  297  295  288  278  266  253  242  234  230  231  234  238  243  246  248
  248  248  249  253  259  267  275  281  282  280  275  269  265  264  265  267
  267  263  256  247  238  230  225  222  221  220  218  213  206  198  189  179
  170  159  147  136  124  114  105  100   97   97  101  109  121  136  154  174
  194  214  233  249  264  276  285  292  297
    55.0-180.0 180.0   5.0 450.0                            LAT/LON1/LON2/DLON/H
  288  293  296  294  289  280  269  257  246  239  234  234  236  239  242  245
  246  247  248  250  255  262  270  277  280  281  279  278  280  285  292  298
  301  297  288  275  261  249  241  236  234  232  228  221  212  202  191  181
  171  159  147  134  121  110  102   97   94   95   99  107  118  132  149  167
  186  205  222  237  251  263  272  281  288
    52.5-180.0 180.0   5.0 450.0                            LAT/LON1/LON2/DLON/H
  282  292  300  305  306  301  293  281  268  256  246  240  237  237  239  241
  242  243  243  244  248  255  263  271  277  281  283  287  294  305  317  328
  332  328  317  301  284  269  259  253  248  244  238  229  218  205  193  183
  172  161  149  136  123  113  106  102  101  103  107  113  122  135  150  166
  183  200  216  230  243  254  264  273  282
    50.0-180.0 180.0   5.0 450.0                            LAT/LON1/LON2/DLON/H
  287  299  312  322  329  330  325  315  301  285  269  255  245  240  239  239
  239  239  238  238  241  248  257  267  276  283  289  296  306  320  335  348
  352  348  335  318  300  284  273  266  261  256  248  237  223  208  195  184
  175  165  153  141  129  120  115  114  115  116  120  124  132  142  155  170
  186  203  219  234  247  257  266  276  287
    47.5-180.0 180.0   5.0 450.0                            LAT/LON1/LON2/DLON/H
  303  317  332  347  358  364  364  356  342  323  302  281  264  252  245  242
  240  238  236  236  239  246  257  269  281  290  297  304  314  327  342  353
  357  351  338  322  305  292  281  274  269  263  254  242  226  211  197  187
  179  170  160  149  138  130  127  127  129  131  133  136  141  150  162  176
  194  213  232  249  264  275  284  293  303
    45.0-180.0 180.0   5.0 450.0                            LAT/LON1/LON2/DLON/H
  330  343  358  374  388  398  401  397  385  366  342  315  292  273  261  253
  248  243  240  239  243  251  264  279  292  301  307  311  317  326  336  344
  346  340  329  315  303  292  284  277  271  265  257  245  230  214  201  192
  185  178  169  157  147  140  138  139  141  143  143  144  148  155  167  184
  204  227  251  273  291  304  313  321  330
    42.5-180.0 180.0   5.0 450.0                            LAT/LON1/LON2/DLON/H
  360  371  384  399  413  424  431  432  425  409  385  357  329  305  286  273
  263  256  251  250  255  265  279  294  307  315  317  316  316  318  323  327
  326  322  314  306  298  292  284  277  271  264  257  247  234  219  207  199
  193  187  178  167  156  149  146  148  149  150  149  148  150  157  170  189
  214  242  272  300  322  337  346  353  360
    40.0-180.0 180.0   5.0 450.0                            LAT/LON1/LON2/DLON/H
  386  394  404  415  427  439  449  456  456  446  427  400  372  344  322  303
  287  275  269  269  275  286  301  315  325  330  327  320  313  310  310  311
  311  309  306  304  302  298  291  281  272  265  259  251  240  227  216  208
  203  197  188  176  164  156  153  154  154  153  150  148  149  157  171  192
  220  254  289  322  347  364  374  380  386
    37.5-180.0 180.0   5.0 450.0                            LAT/LON1/LON2/DLON/H
  401  407  413  421  430  441  454  466  475  475  464  443  417  390  364  340
  319  302  294  294  301  313  325  336  342  343  337  326  315  309  308  310
  312  314  317  321  323  320  309  295  281  271  266  260  251  238  227  218
  212  206  197  185  172  164  160  159  158  156  152  149  149  156  170  192
  222  259  297  333  361  379  389  396  401
    35.0-180.0 180.0   5.0 450.0                            LAT/LON1/LON2/DLON/H
  403  408  413  417  423  433  448  466  484  495  495  483  463  438  411  383
  356  335  324  323  331  342  350  356  357  354  346  336  326  322  325  331
  339  347  355  362  365  359  342  319  299  285  279  273  265  252  239  229
  221  214  204  192  180  172  167  165  164  161  157  154  154  159  171  192
  221  256  295  331  359  378  389  396  403
    32.5-180.0 180.0   5.0 450.0                            LAT/LON1/LON2/DLON/H
  393  401  406  408  412  421  438  462  488  509  520  519  507  486  459  429
  397  372  357  356  363  371  374  372  368  363  357  352  350  354  365  380
  395  407  417  424  422  409  383  352  324  306  297  290  280  265  250  237
  227  218  208  197  188  180  176  175  174  172  170  167  166  169  177  193
  217  249  285  318  344  362  374  384  393
    30.0-180.0 180.0   5.0 450.0                            LAT/LON1/LON2/DLON/H
  379  391  397  400  404  412  431  458  490  521  542  551  546  530  506  474
  440  411  393  390  395  398  394  385  377  372  373  377  387  403  425  449
  470  485  492  492  482  459  423  383  349  327  315  306  293  275  257  241
  228  218  209  200  194  190  187  187  188  189  190  189  187  186  188  196
  213  239  269  299  322  339  352  365  379
    27.5-180.0 180.0   5.0 450.0                            LAT/LON1/LON2/DLON/H
  366  383  393  398  403  412  431  461  497  533  562  578  580  569  548  517
  482  450  430  424  425  423  413  397  386  384  394  411  434  463  496  527
  552  564  563  551  526  490  446  402  366  342  328  316  299  279  258  240
  225  214  206  201  199  198  199  201  204  210  214  216  214  209  204  203
  211  229  254  280  300  316  330  347  366
    25.0-180.0 180.0   5.0 450.0                            LAT/LON1/LON2/DLON/H
  360  381  396  404  411  422  441  471  508  547  580  601  608  601  583  555
  522  489  467  457  454  446  430  410  398  402  421  451  486  525  564  599
  622  626  611  581  539  490  439  395  363  343  329  315  296  275  254  235
  220  208  200  198  201  205  208  212  219  229  239  243  241  232  220  211
  211  223  243  265  284  300  316  336  360
    22.5-180.0 180.0   5.0 450.0                            LAT/LON1/LON2/DLON/H
  362  386  404  416  426  439  458  485  521  561  596  619  628  624  610  588
  557  526  502  488  480  467  447  425  415  425  453  493  535  578  618  650
  665  657  624  572  511  449  397  359  336  325  315  301  283  263  245  229
  214  202  194  195  201  208  213  220  230  244  257  265  263  252  235  219
  212  219  237  259  279  295  312  335  362
    20.0-180.0 180.0   5.0 450.0                            LAT/LON1/LON2/DLON/H
  370  396  416  430  443  458  476  500  533  571  607  631  641  639  629  613
  588  560  534  516  502  486  464  444  438  454  488  532  575  615  649  672
  675  651  599  526  445  373  322  296  288  290  288  278  263  248  236  225
  212  198  190  191  198  207  214  221  233  249  266  276  275  262  243  223
  213  217  235  260  282  301  319  343  370
    17.5-180.0 180.0   5.0 450.0                            LAT/LON1/LON2/DLON/H
  383  407  427  443  458  473  490  510  539  575  611  635  645  645  639  630
  614  590  563  540  521  502  482  466  465  486  522  564  603  633  655  664
  654  616  547  455  359  279  232  219  229  245  254  251  242  235  231  227
  216  201  190  188  196  204  211  217  228  245  263  274  274  262  242  222
  210  215  236  265  292  313  333  357  383
    15.0-180.0 180.0   5.0 450.0                            LAT/LON1/LON2/DLON/H
  395  417  435  451  467  483  497  513  537  571  607  632  643  644  643  641
  633  615  588  561  537  517  500  491  496  518  553  588  617  634  640  636
  614  566  487  384  276  192  148  147  174  204  223  227  226  229  234  236
  226  209  194  189  193  200  205  209  218  233  249  259  260  250  233  215
  205  211  236  270  302  328  349  371  395
    12.5-180.0 180.0   5.0 450.0                            LAT/LON1/LON2/DLON/H
  405  424  440  456  474  489  501  511  530  561  597  624  636  639  641  646
  647  634  609  578  550  529  518  516  526  549  578  604  620  623  616  600
  572  522  441  334  223  136   95  102  139  179  205  216  222  233  246  252
  243  222  201  191  191  195  197  199  204  215  227  235  236  230  217  203
  196  205  233  272  310  339  363  384  405
    10.0-180.0 180.0   5.0 450.0                            LAT/LON1/LON2/DLON/H
  414  431  446  463  482  497  505  510  522  549  585  615  629  633  638  648
  656  649  625  591  561  541  535  541  555  575  597  613  618  610  593  571
  543  498  425  326  217  129   88   96  135  178  207  222  232  248  265  272
  261  235  209  194  190  191  191  189  191  196  203  207  208  205  198  189
  184  195  225  268  311  346  372  394  414
     7.5-180.0 180.0   5.0 450.0                            LAT/LON1/LON2/DLON/H
  424  442  458  476  498  514  519  517  522  544  578  610  626  631  636  649
  662  660  638  603  571  553  553  564  580  596  610  617  615  602  580  557
  534  501  446  361  262  177  132  134  166  203  229  243  254  270  285  289
  274  245  214  194  187  186  184  180  178  178  179  179  179  180  179  174
  172  184  215  261  308  348  378  403  424
     5.0-180.0 180.0   5.0 450.0                            LAT/LON1/LON2/DLON/H
  437  458  477  501  526  545  548  540  536  550  581  613  630  635  639  652
  666  668  648  614  582  566  570  585  601  612  618  619  614  599  578  558
  544  527  493  430  346  267  217  206  223  247  264  273  281  292  301  299
  278  245  211  189  180  178  176  171  166  162  157  153  154  158  162  162
  161  172  203  250  301  346  383  413  437
     2.5-180.0 180.0   5.0 450.0                            LAT/LON1/LON2/DLON/H
  454  480  505  535  567  591  594  580  566  571  596  626  644  648  649  657
  670  672  656  624  593  579  586  603  617  622  621  618  613  601  583  567
  561  560  548  509  445  373  319  293  290  296  301  302  304  306  305  293
  267  232  198  177  168  166  164  160  154  146  138  133  133  141  149  151
  152  162  191  238  293  344  387  423  454
