data/IONEX/COD0OPSFIN_20232130000_01D_01H_GIM.INX
     1.0            IONOSPHERE MAPS     GNSS                IONEX VERSION / TYPE
ADDNEQ2 V5.5        AIUB                05-AUG-23 21:05     PGM / RUN BY / DATE 
CODE'S GLOBAL IONOSPHERE MAPS FOR DAY 213, 2023             COMMENT             
Global ionosphere maps (GIM) are generated on a daily basis DESCRIPTION         
at CODE using data from about 300 GNSS sites of the IGS and DESCRIPTION         
other institutions. The vertical total electron content     DESCRIPTION         
(VTEC) is modeled in a solar-geomagnetic reference frame    DESCRIPTION         
using a spherical harmonics expansion up to degree and      DESCRIPTION         
order 15. Piece-wise linear functions are used for          DESCRIPTION         
representation in the time domain. The time spacing of      DESCRIPTION         
their vertices is 1 hour, conforming with the epochs of the DESCRIPTION         
VTEC maps.                                                  DESCRIPTION         
To convert line-of-sight TEC into vertical TEC, a modified  DESCRIPTION         
single-layer model mapping function approximating the JPL   DESCRIPTION         
extended slab model mapping function is adopted. The        DESCRIPTION         
mapping function is evaluated at geodetic satellite         DESCRIPTION         
elevation angles. For the computation of the ionospheric    DESCRIPTION         
pierce points, a spherical layer with a radius of 6821 km   DESCRIPTION         
is assumed, implying geocentric, not geodetic IONEX         DESCRIPTION         
latitudes.                                                  DESCRIPTION         
Instrumental biases with respect to each involved GNSS code DESCRIPTION         
observable are estimated as constant values for each        DESCRIPTION         
day. They are modeled with one set of bias parameters for   DESCRIPTION         
each satellite and each station in case of GPS and for each DESCRIPTION         
satellite-station link in case of GLONASS. The code bias    DESCRIPTION         
datum is defined by zero-mean conditions imposed on the     DESCRIPTION         
satellite bias estimates. In this file, just GPS C1W-C2W    DESCRIPTION         
satellite and station bias values are included. The         DESCRIPTION         
complete set of GNSS code bias results is provided in an    DESCRIPTION         
additional Bias-SINEX file as pseudo-absolute values        DESCRIPTION         
specific to each observable.                                DESCRIPTION         
Note: These GIM results correspond to the results for the   DESCRIPTION         
middle day of a 3-day combination analysis solving for 73   DESCRIPTION         
times 256, or 18688 VTEC parameters and 3 daily sets of     DESCRIPTION         
GNSS code bias parameters.                                  DESCRIPTION         
Contact address: code(at)aiub.unibe.ch                      DESCRIPTION         
Data archive:    ftp.aiub.unibe.ch/CODE/                    DESCRIPTION         
                 www.aiub.unibe.ch/download/CODE/           DESCRIPTION         
  2023     8     1     0     0     0                        EPOCH OF FIRST MAP  
  2023     8     2     0     0     0                        EPOCH OF LAST MAP   
  3600                                                      INTERVAL            
[...]
bshm cags cas1 ccj2 cedu chpg chpi chti chur cnmr coco cord COMMENT             
cpvg cpxf crar cro1 daej darw dav1 dgar dhlg drao dubo ebre COMMENT             
faa1 fair flin flrs frdn ftna func ganp glps glsv gode godz COMMENT             
gol2 gold gope gras graz guat guug harb hers hert hlfx hnpt COMMENT             
hob2 hofn holb hrao hyde ieng iisc ineg invk iqal irkj jog2 COMMENT             
joz2 joze karr kerg kir0 kiri kiru kit3 kokb kokv kouc koug COMMENT             
kour krgg lae1 lama laut lhaz lmmf lpal lpgs m0se mac1 madr COMMENT             
mal2 mana mas1 mat1 mate maw1 mcil mcm4 mdo1 mdvj medi mets COMMENT             
mgue mizu mkea mnls mobs monp morp mqzg mro1 mtka nano naur COMMENT             
nico nist nium nklg nlib nnor not1 nrc1 nrmd ntus nya1 nyal COMMENT             
onsa opmt ous2 pado park pdel penc pert pie1 pimo pohn pol2 COMMENT             
polv pots pove prds ptag ptbb ptvl qaq1 quin rabt ramo reun COMMENT             
reyk rgdg rio2 riop salu samo sant savo sch2 scor scrz sctb COMMENT             
scub seyg sfer shao smst sofi spt0 sthl stjo stk2 str2 suth COMMENT             
sutm suwn sydn syog tabl tabv tash thtg thti thu2 tid1 tidb COMMENT             
tlse tn22 tow2 tro1 tskb tuva twtf txes uclu ufpr ulab unbj COMMENT             
unsa urum usn7 usud vald vill voim vtsp wab1 wab2 wark wgtn COMMENT             
whit will wsrt wtza wtzl wtzr wtzs wtzz wuhn xmis yar2 yar3 COMMENT             
yarr yell zamb zeck zim2 zim3 zimm                          COMMENT             
                                                            END OF HEADER       
[from data line 7722]
    19                                                      START OF TEC MAP    
  2023     8     1    18     0     0                        EPOCH OF CURRENT MAP
    87.5-180.0 180.0   5.0 450.0                            LAT/LON1/LON2/DLON/H
  195  196  198  200  201  203  206  208  210  212  215  217  219  221  223  225
  226  227  229  230  230  231  231  231  231  231  231  230  230  229  228  228
  227  226  225  224  223  221  220  219  218  217  216  215  214  213  212  211
  210  209  208  207  206  204  203  202  201  199  198  197  196  195  194  193
  192  192  192  192  192  192  193  194  195
    85.0-180.0 180.0   5.0 450.0                            LAT/LON1/LON2/DLON/H
  165  167  171  175  179  184  189  194  199  205  210  215  219  223  227  231
  234  236  238  240  240  241  241  241  240  239  238  236  234  232  230  228
  226  224  222  220  218  216  215  214  212  211  211  210  209  209  208  207
  207  206  205  203  202  200  198  195  192  189  186  182  179  176  172  169
  167  164  162  161  160  160  161  162  165
    82.5-180.0 180.0   5.0 450.0                            LAT/LON1/LON2/DLON/H
  131  135  140  146  153  160  168  177  185  193  201  208  215  221  226  231
  235  238  240  241  242  242  242  241  240  238  235  232  229  226  223  220
  217  214  211  209  207  205  203  202  202  201  202  202  203  204  205  206
  207  207  207  207  206  204  201  198  193  188  183  177  170  164  157  151
  145  139  135  131  129  128  128  129  131
    80.0-180.0 180.0   5.0 450.0                            LAT/LON1/LON2/DLON/H
  105  109  115  122  131  140  150  161  171  181  190  199  207  213  219  224
  228  231  233  235  236  236  235  234  232  230  227  224  220  217  213  209
  205  202  199  196  194  193  191  191  191  191  193  195  197  200  203  207
  210  213  215  216  216  215  213  209  203  197  189  180  171  161  152  142
  133  125  117  111  106  103  102  102  105
    77.5-180.0 180.0   5.0 450.0                            LAT/LON1/LON2/DLON/H
   92   96  102  109  119  129  140  151  162  173  182  190  197  204  208  213
  216  219  221  223  224  225  225  225  224  222  219  216  212  208  204  200
  197  193  190  188  186  185  184  183  184  185  187  190  194  199  204  210
  216  221  226  229  230  230  228  224  218  210  201  190  179  168  156  145
  134  124  114  106  100   95   92   91   92
    75.0-180.0 180.0   5.0 450.0                            LAT/LON1/LON2/DLON/H
   99  101  106  113  121  131  141  152  162  171  179  185  190  195  198  200
  203  205  207  210  213  215  217  218  219  218  216  213  209  205  201  197
  194  191  189  187  185  184  183  182  182  183  185  188  193  199  206  213
  221  229  235  240  243  243  241  236  230  221  212  201  190  179  168  157
  147  137  128  119  112  106  101   99   99
    72.5-180.0 180.0   5.0 450.0                            LAT/LON1/LON2/DLON/H
  123  124  127  132  138  146  154  163  170  177  182  186  188  190  191  191
  193  194  197  201  206  210  215  219  221  221  220  217  214  210  205  202
  198  196  194  193  191  190  189  187  187  186  187  190  194  200  208  216
  225  233  241  246  248  248  245  240  233  224  215  205  196  188  180  173
  167  160  153  147  140  134  129  125  123
    70.0-180.0 180.0   5.0 450.0                            LAT/LON1/LON2/DLON/H
  160  159  159  162  166  171  176  181  186  189  192  193  192  192  190  189
  189  191  194  199  206  213  220  226  230  232  231  228  224  220  215  211
  208  206  205  203  202  200  199  196  194  193  192  194  197  202  209  217
  225  233  240  244  245  243  238  231  223  214  206  199  193  189  187  186
  186  185  184  181  177  172  167  163  160
    67.5-180.0 180.0   5.0 450.0                            LAT/LON1/LON2/DLON/H
  199  196  196  196  197  199  202  203  205  205  205  204  202  199  197  194
  194  195  199  205  213  222  231  239  244  246  245  242  237  232  228  224
  221  219  218  216  215  213  210  207  204  201  199  199  200  204  209  216
  223  229  233  234  232  227  220  211  201  192  185  180  178  180  184  190
  198  204  210  212  212  210  207  202  199
    65.0-180.0 180.0   5.0 450.0                            LAT/LON1/LON2/DLON/H
  230  228  227  226  226  225  224  223  222  221  219  216  214  211  208  205
  204  205  209  215  224  233  243  251  256  258  257  254  249  244  240  236
  234  232  231  229  227  224  221  217  214  210  207  205  205  207  210  215
  219  222  222  220  214  205  194  182  171  162  156  153  155  161  170  183
  197  211  223  231  236  237  236  233  230
    62.5-180.0 180.0   5.0 450.0                            LAT/LON1/LON2/DLON/H
  248  247  247  246  245  244  241  238  235  232  229  227  225  223  220  218
  217  218  220  226  233  242  251  258  263  264  263  259  255  252  249  248
  247  245  243  240  237  234  230  227  223  220  217  214  213  213  214  215
  215  214  211  204  193  181  167  154  142  133  127  125  129  137  149  166
  184  203  220  233  242  246  248  248  248
    60.0-180.0 180.0   5.0 450.0                            LAT/LON1/LON2/DLON/H
  248  251  254  255  255  254  250  246  242  239  237  235  233  232  230  229
  228  228  229  233  238  244  251  257  260  261  260  257  256  256  256  258
  259  258  255  251  246  242  239  236  234  231  229  226  223  221  219  217
  214  209  201  190  176  161  146  132  120  112  107  105  108  115  127  143
  162  182  200  216  228  236  242  245  248
    57.5-180.0 180.0   5.0 450.0                            LAT/LON1/LON2/DLON/H
  236  244  251  256  258  258  255  251  247  244  241  239  238  237  236  235
  235  234  233  233  235  239  243  247  250  250  250  250  252  257  262  268
  271  270  267  261  255  251  248  246  246  245  243  240  236  231  226  221
  214  206  195  181  166  149  134  121  111  104  100   98   98  102  109  121
  136  153  170  186  200  211  220  228  236
    55.0-180.0 180.0   5.0 450.0                            LAT/LON1/LON2/DLON/H
  218  231  244  253  259  262  261  258  255  251  247  244  241  238  237  236
  235  233  231  228  227  228  230  233  235  237  238  241  248  258  269  278
  284  284  279  272  265  260  258  259  260  261  260  256  250  242  234  226
  216  206  193  178  162  146  133  123  116  111  108  104  101  100  100  105
  113  125  138  152  166  179  191  204  218
    52.5-180.0 180.0   5.0 450.0                            LAT/LON1/LON2/DLON/H
  202  222  240  254  264  270  272  272  270  265  260  252  245  239  235  233
  232  229  225  220  217  216  217  220  223  226  230  236  246  261  276  289
  296  297  291  283  276  272  272  274  277  278  276  270  261  251  240  229
  218  206  193  179  164  150  140  133  130  128  126  122  116  108  102   99
  100  105  113  123  135  149  165  183  202
    50.0-180.0 180.0   5.0 450.0                            LAT/LON1/LON2/DLON/H
  196  221  244  263  277  287  293  296  295  291  281  269  255  243  234  230
  228  225  220  214  208  207  209  214  219  224  229  237  250  267  285  300
  308  308  302  295  289  286  288  291  294  295  290  282  270  256  243  230
  218  207  195  182  169  157  150  147  147  148  147  143  135  124  113  104
   98   97   99  106  117  131  150  172  196
    47.5-180.0 180.0   5.0 450.0                            LAT/LON1/LON2/DLON/H
  202  231  257  280  298  312  323  330  332  327  314  295  273  254  240  232
  228  225  219  212  206  206  210  218  226  232  238  247  259  276  293  308
  316  316  312  306  303  303  306  310  312  310  302  289  274  258  243  229
  218  207  196  185  174  165  159  158  160  163  163  160  152  141  129  117
  108  102  101  104  113  128  149  174  202
    45.0-180.0 180.0   5.0 450.0                            LAT/LON1/LON2/DLON/H
  218  249  278  303  324  342  357  369  374  370  355  331  301  274  254  243
  237  232  225  218  213  214  222  233  243  251  256  262  272  285  300  313
  320  321  320  318  319  323  328  331  330  323  310  294  276  258  242  229
  217  207  197  187  178  170  166  165  167  170  170  168  161  153  143  134
  126  119  116  117  124  139  161  188  218
    42.5-180.0 180.0   5.0 450.0                            LAT/LON1/LON2/DLON/H
  239  271  300  326  348  369  389  405  416  415  400  372  338  305  279  264
  255  249  241  233  229  232  242  256  268  276  279  282  286  295  305  315
  322  327  330  335  341  348  353  353  347  335  318  298  278  259  244  231
  220  210  201  191  182  174  169  167  168  168  168  166  163  159  155  151
  146  142  139  139  145  158  180  208  239
    40.0-180.0 180.0   5.0 450.0                            LAT/LON1/LON2/DLON/H
  258  290  318  342  364  387  410  432  448  452  441  414  379  343  314  295
  283  274  264  255  251  255  267  282  294  301  302  301  301  304  310  319
  328  337  348  360  371  380  383  378  366  349  327  304  283  265  251  240
  229  218  207  197  187  179  173  169  166  164  162  160  159  160  162  164
  165  165  163  163  167  179  199  227  258
    37.5-180.0 180.0   5.0 450.0                            LAT/LON1/LON2/DLON/H
  269  300  326  348  368  391  416  442  465  476  471  451  419  385  355  334
  318  306  294  283  279  283  293  306  317  322  322  318  315  315  320  329
  342  359  379  398  412  419  417  406  388  364  339  315  294  278  266  255
  244  232  219  207  197  188  180  174  169  164  160  157  157  161  167  174
  180  183  183  183  186  195  213  239  269
    35.0-180.0 180.0   5.0 450.0                            LAT/LON1/LON2/DLON/H
  270  299  323  342  359  379  405  435  463  483  488  478  455  427  399  376
  358  341  326  315  309  311  318  327  335  338  338  336  333  333  339  352
  373  399  426  450  464  466  456  436  410  383  355  331  311  297  286  276
  263  249  234  221  211  202  194  187  181  175  169  165  164  167  173  181
  188  193  195  194  195  201  216  240  270
    32.5-180.0 180.0   5.0 450.0                            LAT/LON1/LON2/DLON/H
  261  289  311  326  339  356  381  413  446  474  491  494  484  465  441  418
  397  378  360  347  340  339  341  344  348  351  354  356  358  362  373  393
  422  457  491  516  525  517  495  464  432  402  374  350  331  317  307  297
  283  267  251  238  228  221  215  210  204  199  193  187  184  183  184  188
  192  196  197  196  195  198  210  232  261
    30.0-180.0 180.0   5.0 450.0                            LAT/LON1/LON2/DLON/H
  246  273  294  305  315  328  350  382  418  454  482  500  504  496  479  457
  435  413  394  381  373  368  364  361  360  365  374  384  393  405  423  451
  489  531  568  589  588  566  529  487  450  418  390  367  348  334  323  312
  298  282  266  255  247  243  240  238  237  234  230  225  218  210  202  195
  192  192  193  191  187  187  197  218  246
    27.5-180.0 180.0   5.0 450.0                            LAT/LON1/LON2/DLON/H
  230  258  277  286  292  301  321  351  388  429  467  498  515  519  509  491
  468  446  427  414  406  398  389  380  378  386  403  422  441  461  486  522
  567  613  647  660  644  604  551  499  457  426  400  376  356  341  329  317
  303  288  275  267  263  263  264  267  271  273  274  269  260  244  224  205
  192  186  184  181  177  175  182  202  230
    25.0-180.0 180.0   5.0 450.0                            LAT/LON1/LON2/DLON/H
  218  246  265  273  276  283  300  327  364  407  451  491  520  534  532  518
  497  476  459  447  439  430  417  406  404  417  443  472  499  525  556  597
  645  690  718  717  685  626  558  497  452  421  397  375  353  335  321  309
  297  285  277  273  274  277  282  289  299  308  313  312  301  279  248  217
  192  179  174  171  167  163  169  189  218
    22.5-180.0 180.0   5.0 450.0                            LAT/LON1/LON2/DLON/H
  210  239  259  267  269  275  290  316  350  391  437  482  519  541  547  538
  522  503  488  478  471  462  449  438  440  461  494  530  561  590  623  665
  713  752  769  753  703  629  548  479  433  404  383  360  337  317  302  291
  282  275  272  274  278  283  290  301  314  328  339  341  331  306  268  227
  194  175  168  165  161  157  162  181  210
    20.0-180.0 180.0   5.0 450.0                            LAT/LON1/LON2/DLON/H
  207  237  257  267  271  278  293  316  347  385  428  473  514  541  554  552
  542  527  514  506  499  492  482  476  485  513  552  590  620  645  676  716
  758  788  792  762  699  613  524  452  405  378  359  337  314  293  279  270
  264  262  265  270  277  282  289  300  316  332  346  351  344  319  280  235
  197  175  166  163  159  156  160  178  207
    17.5-180.0 180.0   5.0 450.0                            LAT/LON1/LON2/DLON/H
  206  235  258  270  278  289  305  327  354  385  423  465  504  535  554  560
  557  547  536  527  521  516  512  515  533  566  607  642  665  684  709  743
  777  796  787  747  676  586  495  422  375  349  332  313  292  274  262  256
  254  256  261  269  274  278  283  292  306  321  334  340  335  316  281  239
  201  178  169  166  162  158  162  178  206
    15.0-180.0 180.0   5.0 450.0                            LAT/LON1/LON2/DLON/H
  203  232  256  274  288  303  322  343  366  391  421  456  492  524  548  562
  567  562  552  541  535  533  537  550  577  615  653  680  693  702  720  746
  770  778  760  715  645  559  473  401  354  328  312  296  280  268  261  259
  259  262  267  273  276  276  277  284  293  303  310  313  310  297  271  237
  205  183  174  170  166  162  164  178  203
    12.5-180.0 180.0   5.0 450.0                            LAT/LON1/LON2/DLON/H
  197  225  252  275  295  316  339  360  379  399  421  449  479  510  538  560
  572  572  562  548  540  541  553  577  612  652  684  700  701  700  710  729
  745  744  721  678  617  544  466  398  350  322  306  295  287  284  284  285
  284  284  286  286  284  280  278  281  286  288  284  280  275  268  253  231
  207  189  180  175  170  165  165  176  197
    10.0-180.0 180.0   5.0 450.0                            LAT/LON1/LON2/DLON/H
  188  214  243  273  301  328  354  376  393  407  424  444  468  496  526  555
  574  578  567  549  539  542  562  595  636  674  698  702  692  684  689  703
  712  706  682  647  602  546  482  418  367  335  318  312  314  322  329  332
  328  322  315  308  299  291  288  290  290  282  266  250  240  235  231  221
  207  194  185  178  171  165  163  170  188
     7.5-180.0 180.0   5.0 450.0                            LAT/LON1/LON2/DLON/H
  177  201  234  269  304  337  366  389  406  419  430  445  463  488  517  549
  573  580  568  549  536  541  566  605  648  682  698  692  674  662  665  676
  681  672  652  629  604  569  519  459  405  366  347  346  357  375  389  392
  383  366  349  333  318  308  306  309  307  291  261  231  212  207  210  210
  205  196  186  177  169  162  159  163  177
     5.0-180.0 180.0   5.0 450.0                            LAT/LON1/LON2/DLON/H
  166  190  225  266  308  345  377  403  421  434  444  455  468  488  514  546
  572  581  570  550  537  543  570  610  652  681  689  677  656  644  647  657
  659  648  634  626  621  606  568  512  453  408  385  387  406  432  451  451
  433  406  378  353  333  323  324  331  329  309  269  226  197  187  192  199
  200  193  183  172  163  157  153  155  166
     2.5-180.0 180.0   5.0 450.0                            LAT/LON1/LON2/DLON/H
  157  181  219  266  313  355  390  418  440  457  468  477  486  499  520  548
  573  583  575  557  544  550  577  615  652  675  678  664  644  634  639  647
  646  635  626  631  643  643  616  563  499  448  421  423  446  477  496  493
  466  428  390  359  337  328  333  346  349  327  283  231  192  176  179  187
  191  186  175  163  155  150  147  148  157
